TABLE NO.  2
 ID          CL          V           KA          ETA1        ETA2        ETA3
  1.0000E+00  2.0422E+00  7.0241E+01  1.3786E+00  4.9347E-01  5.4207E-01  1.0276E-01
  2.0000E+00  1.5099E+00  4.2263E+01  1.1805E+00  1.9146E-01  3.4059E-02 -5.2327E-02
  3.0000E+00  1.3738E+00  4.4554E+01  1.2692E+00  9.6996E-02  8.6831E-02  2.0108E-02
  4.0000E+00  1.7510E+00  4.0905E+01  1.6718E+00  3.3959E-01  1.3892E-03  2.9560E-01
  5.0000E+00  1.0195E+00  2.3996E+01  1.7709E+00 -2.0129E-01 -5.3198E-01  3.5320E-01
  6.0000E+00  1.1949E+00  3.2981E+01  9.8442E-01 -4.2495E-02 -2.1393E-01 -2.3399E-01
  7.0000E+00  1.6472E+00  5.0750E+01  1.4377E+00  2.7849E-01  2.1704E-01  1.4478E-01
  8.0000E+00  1.7809E+00  4.3061E+01  1.1856E+00  3.5653E-01  5.2756E-02 -4.8074E-02
  9.0000E+00  1.3890E+00  5.0420E+01  1.3914E+00  1.0800E-01  2.1052E-01  1.1201E-01
  1.0000E+01  9.0341E-01  4.6371E+01  1.3971E+00 -3.2215E-01  1.2682E-01  1.1614E-01
  1.1000E+01  1.5223E+00  7.4420E+01  1.4381E+00  1.9963E-01  5.9986E-01  1.4502E-01
  1.2000E+01  1.2988E+00  3.8166E+01  1.0174E+00  4.0862E-02 -6.7924E-02 -2.0100E-01
  1.3000E+01  1.5601E+00  6.8545E+01  1.1758E+00  2.2416E-01  5.1763E-01 -5.6349E-02
  1.4000E+01  1.0104E+00  4.1889E+01  1.3689E+00 -2.1025E-01  2.5161E-02  9.5697E-02
  1.5000E+01  1.0358E+00  3.2741E+01  1.0289E+00 -1.8538E-01 -2.2125E-01 -1.8984E-01
  1.6000E+01  1.1570E+00  4.2411E+01  1.2014E+00 -7.4718E-02  3.7541E-02 -3.4840E-02
  1.7000E+01  8.2713E-01  2.2316E+01  1.0360E+00 -4.1036E-01 -6.0458E-01 -1.8292E-01
  1.8000E+01  1.0450E+00  1.9785E+01  1.1033E+00 -1.7659E-01 -7.2494E-01 -1.2001E-01
  1.9000E+01  1.4696E+00  2.0493E+01  1.3437E+00  1.6442E-01 -6.8977E-01  7.7171E-02
  2.0000E+01  6.9556E-01  2.7831E+01  6.8057E-01 -5.8361E-01 -3.8371E-01 -6.0312E-01
  2.1000E+01  1.0686E+00  7.0387E+01  1.0426E+00 -1.5424E-01  5.4414E-01 -1.7653E-01
  2.2000E+01  2.6276E+00  4.0726E+01  1.6016E+00  7.4551E-01 -2.9876E-03  2.5274E-01
  2.3000E+01  1.6123E+00  4.6146E+01  1.6390E+00  2.5708E-01  1.2195E-01  2.7580E-01
  2.4000E+01  1.1370E+00  5.1948E+01  1.0425E+00 -9.2156E-02  2.4037E-01 -1.7666E-01
  2.5000E+01  1.9924E+00  5.5374E+01  1.7153E+00  4.6876E-01  3.0425E-01  3.2128E-01
  2.6000E+01  1.0472E+00  3.6654E+01  1.6675E+00 -1.7442E-01 -1.0833E-01  2.9304E-01
  2.7000E+01  8.3923E-01  2.5735E+01  8.4922E-01 -3.9585E-01 -4.6200E-01 -3.8172E-01
  2.8000E+01  1.2577E+00  4.2225E+01  1.1871E+00  8.6788E-03  3.3154E-02 -4.6766E-02
  2.9000E+01  1.4874E+00  4.3238E+01  6.7687E-01  1.7644E-01  5.6846E-02 -6.0857E-01
  3.0000E+01  1.0672E+00  3.1820E+01  9.9153E-01 -1.5558E-01 -2.4978E-01 -2.2680E-01
