TABLE NO.  1
 ID          TIME        DV          PRED        IPRED       CWRES       NPDE
  1.0000E+00  0.0000E+00  0.0000E+00  0.0000E+00  0.0000E+00  0.0000E+00  0.0000E+00
  1.0000E+00  5.0000E-01  8.5000E-01  1.1224E+00  6.9504E-01  7.5928E-01  4.3991E-01
  1.0000E+00  1.0000E+00  7.4000E-01  1.7089E+00  1.0381E+00 -1.7001E+00 -1.3205E+00
  1.0000E+00  2.0000E+00  1.5000E+00  2.1516E+00  1.2767E+00  3.0037E-01  2.1043E-01
  1.0000E+00  4.0000E+00  1.2000E+00  2.2044E+00  1.2911E+00 -9.8807E-01 -8.4162E-01
  1.0000E+00  8.0000E+00  1.2000E+00  1.9676E+00  1.1583E+00 -4.8347E-01 -2.5335E-01
  1.0000E+00  1.2000E+01  8.7000E-01  1.7425E+00  1.0342E+00 -1.3943E+00 -9.1537E-01
  1.0000E+00  2.4000E+01  6.1000E-01  1.2102E+00  7.3585E-01 -1.3573E+00 -9.0273E-01
  2.0000E+00  0.0000E+00  0.0000E+00  0.0000E+00  0.0000E+00  0.0000E+00  0.0000E+00
  2.0000E+00  5.0000E-01  1.1800E+00  1.1224E+00  1.0440E+00  4.9027E-01  4.3073E-01
  2.0000E+00  1.0000E+00  1.3800E+00  1.7089E+00  1.6040E+00 -8.2439E-01 -9.6742E-01
  2.0000E+00  2.0000E+00  2.0400E+00  2.1516E+00  2.0402E+00 -1.2577E-01  2.5069E-02
  2.0000E+00  4.0000E+00  2.2600E+00  2.2044E+00  2.0926E+00  2.7043E-01  2.9674E-01
  2.0000E+00  8.0000E+00  2.1600E+00  1.9676E+00  1.8343E+00  7.0558E-01  7.1707E-01
  2.0000E+00  1.2000E+01  1.4300E+00  1.7425E+00  1.5919E+00 -7.4477E-01 -5.0532E-01
  2.0000E+00  2.4000E+01  1.0000E+00  1.2102E+00  1.0400E+00 -5.1080E-01 -2.2754E-01
  3.0000E+00  0.0000E+00  0.0000E+00  0.0000E+00  0.0000E+00  0.0000E+00  0.0000E+00
  3.0000E+00  5.0000E-01  1.1400E+00  1.1224E+00  1.0436E+00  3.8760E-01  4.1246E-01
  3.0000E+00  1.0000E+00  1.6300E+00  1.7089E+00  1.5812E+00  1.3085E-01  1.8487E-01
  3.0000E+00  2.0000E+00  1.8700E+00  2.1516E+00  1.9784E+00 -2.8923E-01 -1.6789E-01
  3.0000E+00  4.0000E+00  1.2900E+00  2.2044E+00  2.0175E+00 -1.8458E+00 -2.0537E+00
  3.0000E+00  8.0000E+00  2.4200E+00  1.9676E+00  1.7977E+00  1.6976E+00  1.4514E+00
  3.0000E+00  1.2000E+01  1.5600E+00  1.7425E+00  1.5908E+00 -1.7431E-01 -6.6893E-02
  3.0000E+00  2.4000E+01  1.0100E+00  1.2102E+00  1.1020E+00 -5.6746E-01 -2.6198E-01
  4.0000E+00  0.0000E+00  0.0000E+00  0.0000E+00  0.0000E+00  0.0000E+00  0.0000E+00
  4.0000E+00  5.0000E-01  1.4100E+00  1.1224E+00  1.3578E+00  6.1929E-01  6.6404E-01
  4.0000E+00  1.0000E+00  2.5100E+00  1.7089E+00  1.9271E+00  1.8876E+00  1.5011E+00
  4.0000E+00  2.0000E+00  1.1900E+00  2.1516E+00  2.2199E+00 -2.2003E+00 -2.4747E+00
  4.0000E+00  4.0000E+00  2.1700E+00  2.2044E+00  2.1208E+00  1.1996E-01  2.0189E-01
  4.0000E+00  8.0000E+00  1.8300E+00  1.9676E+00  1.7892E+00 -5.1114E-02  5.0154E-02
  4.0000E+00  1.2000E+01  1.4300E+00  1.7425E+00  1.5068E+00 -5.5887E-01 -3.2304E-01
  4.0000E+00  2.4000E+01  8.8000E-01  1.2102E+00  9.0017E-01 -7.0369E-01 -4.3073E-01
  5.0000E+00  0.0000E+00  0.0000E+00  0.0000E+00  0.0000E+00  0.0000E+00  0.0000E+00
  5.0000E+00  5.0000E-01  2.4700E+00  1.1224E+00  2.4032E+00  8.6030E-01  1.0803E+00
  5.0000E+00  1.0000E+00  4.4900E+00  1.7089E+00  3.3614E+00  2.4765E+00  2.7131E+00
  5.0000E+00  2.0000E+00  2.9900E+00  2.1516E+00  3.8133E+00 -5.2204E-01 -1.4051E+00
  5.0000E+00  4.0000E+00  3.6900E+00  2.2044E+00  3.6189E+00  5.7790E-01  8.0642E-01
  5.0000E+00  8.0000E+00  2.7500E+00  1.9676E+00  3.0528E+00 -1.3517E-01 -5.0154E-02
  5.0000E+00  1.2000E+01  2.8900E+00  1.7425E+00  2.5723E+00  9.3395E-01  1.4279E+00
  5.0000E+00  2.4000E+01  1.6700E+00  1.2102E+00  1.5388E+00  5.4560E-01  8.4162E-01
  6.0000E+00  0.0000E+00  0.0000E+00  0.0000E+00  0.0000E+00  0.0000E+00  0.0000E+00
  6.0000E+00  5.0000E-01  1.3300E+00  1.1224E+00  1.1719E+00  5.5051E-01  4.6770E-01
  6.0000E+00  1.0000E+00  1.4700E+00  1.7089E+00  1.8634E+00 -1.1023E+00 -1.6134E+00
  6.0000E+00  2.0000E+00  2.1900E+00  2.1516E+00  2.4864E+00 -5.1081E-01 -4.9585E-01
  6.0000E+00  4.0000E+00  3.0200E+00  2.2044E+00  2.6541E+00  9.2730E-01  1.0508E+00
  6.0000E+00  8.0000E+00  2.6200E+00  1.9676E+00  2.3500E+00  7.7307E-01  7.8350E-01
  6.0000E+00  1.2000E+01  2.4900E+00  1.7425E+00  2.0379E+00  1.2391E+00  1.3008E+00
  6.0000E+00  2.4000E+01  1.1800E+00  1.2102E+00  1.3272E+00 -6.0068E-01 -6.1281E-01
  7.0000E+00  0.0000E+00  0.0000E+00  0.0000E+00  0.0000E+00  0.0000E+00  0.0000E+00
  7.0000E+00  5.0000E-01  9.9000E-01  1.1224E+00  9.9760E-01 -7.0772E-02 -4.1789E-02
  7.0000E+00  1.0000E+00  1.6400E+00  1.7089E+00  1.4705E+00  4.8665E-01  6.0276E-01
  7.0000E+00  2.0000E+00  2.1700E+00  2.1516E+00  1.7770E+00  9.4361E-01  7.8350E-01
  7.0000E+00  4.0000E+00  1.0700E+00  2.2044E+00  1.7681E+00 -2.2187E+00 -2.2164E+00
  7.0000E+00  8.0000E+00  1.4900E+00  1.9676E+00  1.5592E+00 -4.9881E-01 -3.5846E-01
  7.0000E+00  1.2000E+01  1.4200E+00  1.7425E+00  1.3698E+00 -1.3631E-01 -8.3555E-03
  7.0000E+00  2.4000E+01  8.9000E-01  1.2102E+00  9.2871E-01 -5.9914E-01 -2.7064E-01
  8.0000E+00  0.0000E+00  0.0000E+00  0.0000E+00  0.0000E+00  0.0000E+00  0.0000E+00
  8.0000E+00  5.0000E-01  1.0300E+00  1.1224E+00  1.0285E+00 -1.7130E-01 -1.2566E-01
  8.0000E+00  1.0000E+00  1.6900E+00  1.7089E+00  1.5740E+00  1.8986E-01  2.7064E-01
  8.0000E+00  2.0000E+00  1.9200E+00  2.1516E+00  1.9883E+00 -3.4216E-01 -1.6789E-01
  8.0000E+00  4.0000E+00  2.0600E+00  2.2044E+00  2.0155E+00 -8.4605E-02  2.5069E-02
  8.0000E+00  8.0000E+00  1.7500E+00  1.9676E+00  1.7297E+00 -2.4228E-01 -5.0154E-02
  8.0000E+00  1.2000E+01  1.7100E+00  1.7425E+00  1.4700E+00  4.1663E-01  5.3401E-01
  8.0000E+00  2.4000E+01  7.2000E-01  1.2102E+00  9.0203E-01 -1.4392E+00 -1.1423E+00
  9.0000E+00  0.0000E+00  0.0000E+00  0.0000E+00  0.0000E+00  0.0000E+00  0.0000E+00
  9.0000E+00  5.0000E-01  1.1000E+00  1.1224E+00  9.8177E-01  4.9733E-01  4.8642E-01
  9.0000E+00  1.0000E+00  1.4400E+00  1.7089E+00  1.4611E+00 -1.7983E-01 -6.6893E-02
  9.0000E+00  2.0000E+00  1.9500E+00  2.1516E+00  1.7896E+00  2.6660E-01  2.6198E-01
  9.0000E+00  4.0000E+00  1.2000E+00  2.2044E+00  1.8074E+00 -1.9182E+00 -1.8339E+00
  9.0000E+00  8.0000E+00  1.9800E+00  1.9676E+00  1.6262E+00  8.6282E-01  8.6568E-01
  9.0000E+00  1.2000E+01  1.3500E+00  1.7425E+00  1.4567E+00 -5.7914E-01 -3.7634E-01
  9.0000E+00  2.4000E+01  1.0400E+00  1.2102E+00  1.0470E+00 -2.4460E-01  3.3428E-02
  1.0000E+01  0.0000E+00  0.0000E+00  0.0000E+00  0.0000E+00  0.0000E+00  0.0000E+00
  1.0000E+01  5.0000E-01  1.0300E+00  1.1224E+00  1.0748E+00 -1.9618E-01  8.3555E-03
  1.0000E+01  1.0000E+00  2.0200E+00  1.7089E+00  1.6012E+00  1.2586E+00  1.0508E+00
  1.0000E+01  2.0000E+00  1.6300E+00  2.1516E+00  1.9698E+00 -9.8564E-01 -9.2814E-01
  1.0000E+01  4.0000E+00  1.4800E+00  2.2044E+00  2.0169E+00 -1.4728E+00 -1.3616E+00
  1.0000E+01  8.0000E+00  1.9100E+00  1.9676E+00  1.8729E+00  5.4619E-02  1.0884E-01
  1.0000E+01  1.2000E+01  1.8900E+00  1.7425E+00  1.7321E+00  4.8879E-01  5.1484E-01
  1.0000E+01  2.4000E+01  1.6800E+00  1.2102E+00  1.3698E+00  1.3289E+00  1.3830E+00
  1.1000E+01  0.0000E+00  0.0000E+00  0.0000E+00  0.0000E+00  0.0000E+00  0.0000E+00
  1.1000E+01  5.0000E-01  7.8000E-01  1.1224E+00  6.7827E-01  3.8857E-01  2.9674E-01
  1.1000E+01  1.0000E+00  1.1000E+00  1.7089E+00  1.0063E+00  2.3027E-02 -8.3652E-02
  1.1000E+01  2.0000E+00  9.6000E-01  2.1516E+00  1.2314E+00 -1.6530E+00 -1.1585E+00
  1.1000E+01  4.0000E+00  1.1600E+00  2.2044E+00  1.2555E+00 -1.0209E+00 -9.0273E-01
  1.1000E+01  8.0000E+00  1.0500E+00  1.9676E+00  1.1617E+00 -1.0630E+00 -9.2814E-01
  1.1000E+01  1.2000E+01  1.3100E+00  1.7425E+00  1.0709E+00  5.0356E-01  2.7064E-01
  1.1000E+01  2.4000E+01  6.7000E-01  1.2102E+00  8.3872E-01 -1.3024E+00 -9.0273E-01
  1.2000E+01  0.0000E+00  0.0000E+00  0.0000E+00  0.0000E+00  0.0000E+00  0.0000E+00
  1.2000E+01  5.0000E-01  1.0600E+00  1.1224E+00  1.0420E+00 -1.9901E-01 -1.9337E-01
  1.2000E+01  1.0000E+00  1.5000E+00  1.7089E+00  1.6470E+00 -7.0170E-01 -7.8350E-01
  1.2000E+01  2.0000E+00  2.2800E+00  2.1516E+00  2.1800E+00  8.8209E-02  1.7637E-01
  1.2000E+01  4.0000E+00  2.5500E+00  2.2044E+00  2.3155E+00  4.8054E-01  5.3401E-01
  1.2000E+01  8.0000E+00  2.3100E+00  1.9676E+00  2.0611E+00  5.7286E-01  6.5366E-01
  1.2000E+01  1.2000E+01  1.8800E+00  1.7425E+00  1.8019E+00  1.4112E-01  3.6738E-01
  1.2000E+01  2.4000E+01  1.1700E+00  1.2102E+00  1.2028E+00 -2.8945E-01 -5.8521E-02
  1.3000E+01  0.0000E+00  0.0000E+00  0.0000E+00  0.0000E+00  0.0000E+00  0.0000E+00
  1.3000E+01  5.0000E-01  7.7000E-01  1.1224E+00  6.4002E-01  5.9616E-01  3.7634E-01
  1.3000E+01  1.0000E+00  6.2000E-01  1.7089E+00  9.8962E-01 -2.1101E+00 -1.9322E+00
  1.3000E+01  2.0000E+00  1.4400E+00  2.1516E+00  1.2752E+00  1.2830E-01  3.3428E-02
  1.3000E+01  4.0000E+00  1.0700E+00  2.2044E+00  1.3425E+00 -1.5228E+00 -1.2090E+00
  1.3000E+01  8.0000E+00  1.5200E+00  1.9676E+00  1.2402E+00  5.8919E-01  2.7932E-01
  1.3000E+01  1.2000E+01  1.0700E+00  1.7425E+00  1.1343E+00 -7.3798E-01 -5.8284E-01
  1.3000E+01  2.4000E+01  7.5000E-01  1.2102E+00  8.6749E-01 -1.0004E+00 -6.8502E-01
  1.4000E+01  0.0000E+00  0.0000E+00  0.0000E+00  0.0000E+00  0.0000E+00  0.0000E+00
  1.4000E+01  5.0000E-01  1.3000E+00  1.1224E+00  1.1702E+00  6.3106E-01  6.5366E-01
  1.4000E+01  1.0000E+00  1.9400E+00  1.7089E+00  1.7495E+00  6.2457E-01  7.6098E-01
  1.4000E+01  2.0000E+00  1.3400E+00  2.1516E+00  2.1577E+00 -1.9116E+00 -2.7131E+00
  1.4000E+01  4.0000E+00  2.2200E+00  2.2044E+00  2.1987E+00  4.2821E-02  1.8487E-01
  1.4000E+01  8.0000E+00  2.1200E+00  1.9676E+00  2.0059E+00  3.1648E-01  3.4956E-01
  1.4000E+01  1.2000E+01  2.0800E+00  1.7425E+00  1.8212E+00  7.7921E-01  7.8350E-01
  1.4000E+01  2.4000E+01  1.4900E+00  1.2102E+00  1.3631E+00  5.9017E-01  7.2791E-01
  1.5000E+01  0.0000E+00  0.0000E+00  0.0000E+00  0.0000E+00  0.0000E+00  0.0000E+00
  1.5000E+01  5.0000E-01  1.2100E+00  1.1224E+00  1.2254E+00 -9.8619E-02 -1.5943E-01
  1.5000E+01  1.0000E+00  1.4100E+00  1.7089E+00  1.9343E+00 -1.3395E+00 -1.7132E+00
  1.5000E+01  2.0000E+00  3.4000E+00  2.1516E+00  2.5571E+00  1.8754E+00  1.7908E+00
  1.5000E+01  4.0000E+00  1.9900E+00  2.2044E+00  2.7200E+00 -1.0692E+00 -1.5548E+00
  1.5000E+01  8.0000E+00  2.9200E+00  1.9676E+00  2.4412E+00  1.3239E+00  1.4279E+00
  1.5000E+01  1.2000E+01  2.2400E+00  1.7425E+00  2.1537E+00  4.8470E-01  6.5366E-01
  1.5000E+01  2.4000E+01  1.5700E+00  1.2102E+00  1.4777E+00  4.6145E-01  5.9277E-01
  1.6000E+01  0.0000E+00  0.0000E+00  0.0000E+00  0.0000E+00  0.0000E+00  0.0000E+00
  1.6000E+01  5.0000E-01  8.7000E-01  1.1224E+00  1.0597E+00 -9.8450E-01 -1.0364E+00
  1.6000E+01  1.0000E+00  2.0100E+00  1.7089E+00  1.6251E+00  1.0291E+00  8.9025E-01
  1.6000E+01  2.0000E+00  2.0000E+00  2.1516E+00  2.0677E+00 -3.0002E-01 -1.5943E-01
  1.6000E+01  4.0000E+00  2.1300E+00  2.2044E+00  2.1432E+00 -1.3036E-01 -5.0154E-02
  1.6000E+01  8.0000E+00  2.2800E+00  1.9676E+00  1.9389E+00  8.3166E-01  7.7219E-01
  1.6000E+01  1.2000E+01  1.3200E+00  1.7425E+00  1.7387E+00 -1.2347E+00 -1.2090E+00
  1.6000E+01  2.4000E+01  1.4100E+00  1.2102E+00  1.2535E+00  6.6022E-01  9.5417E-01
  1.7000E+01  0.0000E+00  0.0000E+00  0.0000E+00  0.0000E+00  0.0000E+00  0.0000E+00
  1.7000E+01  5.0000E-01  1.5200E+00  1.1224E+00  1.8037E+00 -7.0414E-01 -1.1264E+00
  1.7000E+01  1.0000E+00  3.4600E+00  1.7089E+00  2.8387E+00  1.4305E+00  1.9893E+00
  1.7000E+01  2.0000E+00  3.1400E+00  2.1516E+00  3.7312E+00 -2.4032E-01 -4.4914E-01
  1.7000E+01  4.0000E+00  3.7900E+00  2.2044E+00  3.9254E+00  5.9028E-01  6.4335E-01
  1.7000E+01  8.0000E+00  3.3800E+00  1.9676E+00  3.4488E+00  6.4898E-01  7.8350E-01
  1.7000E+01  1.2000E+01  4.4000E+00  1.7425E+00  2.9790E+00  3.1514E+00  2.9352E+00
  1.7000E+01  2.4000E+01  1.6700E+00  1.2102E+00  1.9181E+00 -1.2724E-01 -2.1898E-01
  1.8000E+01  0.0000E+00  0.0000E+00  0.0000E+00  0.0000E+00  0.0000E+00  0.0000E+00
  1.8000E+01  5.0000E-01  1.6200E+00  1.1224E+00  2.1210E+00 -1.0139E+00 -2.1280E+00
  1.8000E+01  1.0000E+00  3.6700E+00  1.7089E+00  3.2835E+00  1.0261E+00  1.2445E+00
  1.8000E+01  2.0000E+00  5.2600E+00  2.1516E+00  4.1971E+00  1.9782E+00  2.2164E+00
  1.8000E+01  4.0000E+00  4.2400E+00  2.2044E+00  4.2333E+00  7.3015E-01  7.1707E-01
  1.8000E+01  8.0000E+00  3.9000E+00  1.9676E+00  3.4792E+00  1.1316E+00  1.6449E+00
  1.8000E+01  1.2000E+01  3.0200E+00  1.7425E+00  2.8189E+00  6.5911E-01  9.2814E-01
  1.8000E+01  2.4000E+01  1.5200E+00  1.2102E+00  1.4984E+00 -4.8893E-02  8.3652E-02
  1.9000E+01  0.0000E+00  0.0000E+00  0.0000E+00  0.0000E+00  0.0000E+00  0.0000E+00
  1.9000E+01  5.0000E-01  2.1800E+00  1.1224E+00  2.3377E+00  1.4670E-01 -1.3409E-01
  1.9000E+01  1.0000E+00  4.0500E+00  1.7089E+00  3.4520E+00  1.6335E+00  1.9893E+00
  1.9000E+01  2.0000E+00  4.7200E+00  2.1516E+00  4.1178E+00  1.5814E+00  1.8339E+00
  1.9000E+01  4.0000E+00  2.8200E+00  2.2044E+00  3.8516E+00 -7.7666E-01 -1.7132E+00
  1.9000E+01  8.0000E+00  3.6700E+00  1.9676E+00  2.9116E+00  1.4665E+00  1.7908E+00
  1.9000E+01  1.2000E+01  2.2000E+00  1.7425E+00  2.1875E+00 -2.1544E-01  1.6712E-02
  1.9000E+01  2.4000E+01  8.6000E-01  1.2102E+00  9.2749E-01 -1.0522E+00 -1.2445E+00
  2.0000E+01  0.0000E+00  0.0000E+00  0.0000E+00  0.0000E+00  0.0000E+00  0.0000E+00
  2.0000E+01  5.0000E-01  9.6000E-01  1.1224E+00  1.0493E+00 -8.5065E-01 -1.0083E+00
  2.0000E+01  1.0000E+00  1.8200E+00  1.7089E+00  1.7746E+00 -3.0481E-01 -2.2754E-01
  2.0000E+01  2.0000E+00  2.0700E+00  2.1516E+00  2.6096E+00 -1.2273E+00 -1.3008E+00
  2.0000E+01  4.0000E+00  2.8100E+00  2.2044E+00  3.1236E+00 -2.1216E-01  6.6893E-02
  2.0000E+01  8.0000E+00  3.9900E+00  1.9676E+00  3.0194E+00  2.2923E+00  2.4747E+00
  2.0000E+01  1.2000E+01  3.2600E+00  1.7425E+00  2.7492E+00  1.6550E+00  1.8808E+00
  2.0000E+01  2.4000E+01  2.3700E+00  1.2102E+00  2.0503E+00  1.5495E+00  1.6134E+00
  2.1000E+01  0.0000E+00  0.0000E+00  0.0000E+00  0.0000E+00  0.0000E+00  0.0000E+00
  2.1000E+01  5.0000E-01  4.9000E-01  1.1224E+00  5.8203E-01 -1.1123E+00 -7.6098E-01
  2.1000E+01  1.0000E+00  1.0200E+00  1.7089E+00  9.1973E-01 -1.4907E-01 -2.2754E-01
  2.1000E+01  2.0000E+00  1.2300E+00  2.1516E+00  1.2236E+00 -6.6758E-01 -4.3991E-01
  2.1000E+01  4.0000E+00  1.1600E+00  2.2044E+00  1.3330E+00 -1.2640E+00 -9.6742E-01
  2.1000E+01  8.0000E+00  1.3500E+00  1.9676E+00  1.2735E+00 -2.3351E-01 -2.3613E-01
  2.1000E+01  1.2000E+01  1.0600E+00  1.7425E+00  1.1987E+00 -9.9306E-01 -7.6098E-01
  2.1000E+01  2.4000E+01  1.2300E+00  1.2102E+00  9.9906E-01  8.6575E-01  8.6568E-01
  2.2000E+01  0.0000E+00  0.0000E+00  0.0000E+00  0.0000E+00  0.0000E+00  0.0000E+00
  2.2000E+01  5.0000E-01  1.3600E+00  1.1224E+00  1.3200E+00  3.4591E-01  5.7297E-01
  2.2000E+01  1.0000E+00  2.2700E+00  1.7089E+00  1.8776E+00  1.1843E+00  1.0655E+00
  2.2000E+01  2.0000E+00  2.1700E+00  2.1516E+00  2.1481E+00 -2.7516E-02  2.1898E-01
  2.2000E+01  4.0000E+00  1.7600E+00  2.2044E+00  1.9810E+00 -9.0567E-01 -7.3885E-01
  2.2000E+01  8.0000E+00  1.1700E+00  1.9676E+00  1.5368E+00 -1.8350E+00 -1.3205E+00
  2.2000E+01  1.2000E+01  1.2700E+00  1.7425E+00  1.1894E+00 -5.1954E-01 -2.6198E-01
  2.2000E+01  2.4000E+01  4.9000E-01  1.2102E+00  5.5143E-01 -1.3703E+00 -1.4279E+00
  2.3000E+01  0.0000E+00  0.0000E+00  0.0000E+00  0.0000E+00  0.0000E+00  0.0000E+00
  2.3000E+01  5.0000E-01  1.0500E+00  1.1224E+00  1.1929E+00 -4.0497E-01 -3.7634E-01
  2.3000E+01  1.0000E+00  2.3300E+00  1.7089E+00  1.7055E+00  1.8871E+00  1.4514E+00
  2.3000E+01  2.0000E+00  2.0700E+00  2.1516E+00  1.9877E+00  7.5381E-02  1.4252E-01
  2.3000E+01  4.0000E+00  1.7100E+00  2.2044E+00  1.9318E+00 -8.2160E-01 -6.9562E-01
  2.3000E+01  8.0000E+00  1.4400E+00  1.9676E+00  1.6807E+00 -9.9092E-01 -7.8350E-01
  2.3000E+01  1.2000E+01  1.1600E+00  1.7425E+00  1.4595E+00 -1.3058E+00 -1.1264E+00
  2.3000E+01  2.4000E+01  1.0500E+00  1.2102E+00  9.5584E-01  1.3694E-01  2.5335E-01
  2.4000E+01  0.0000E+00  0.0000E+00  0.0000E+00  0.0000E+00  0.0000E+00  0.0000E+00
  2.4000E+01  5.0000E-01  6.7000E-01  1.1224E+00  7.8513E-01 -1.0241E+00 -9.4107E-01
  2.4000E+01  1.0000E+00  1.3400E+00  1.7089E+00  1.2386E+00 -4.0452E-02 -4.1789E-02
  2.4000E+01  2.0000E+00  1.8000E+00  2.1516E+00  1.6407E+00  9.6314E-02  2.3613E-01
  2.4000E+01  4.0000E+00  1.4200E+00  2.2044E+00  1.7675E+00 -1.2709E+00 -1.1108E+00
  2.4000E+01  8.0000E+00  2.0500E+00  1.9676E+00  1.6457E+00  1.0316E+00  7.8350E-01
  2.4000E+01  1.2000E+01  1.2400E+00  1.7425E+00  1.5089E+00 -1.0234E+00 -8.6568E-01
  2.4000E+01  2.4000E+01  1.3000E+00  1.2102E+00  1.1624E+00  5.5688E-01  6.6404E-01
  2.5000E+01  0.0000E+00  0.0000E+00  0.0000E+00  0.0000E+00  0.0000E+00  0.0000E+00
  2.5000E+01  5.0000E-01  1.2900E+00  1.1224E+00  1.0152E+00  1.4188E+00  1.1264E+00
  2.5000E+01  1.0000E+00  1.3300E+00  1.7089E+00  1.4379E+00 -3.8965E-01 -3.4069E-01
  2.5000E+01  2.0000E+00  1.5900E+00  2.1516E+00  1.6583E+00 -4.7771E-01 -3.2304E-01
  2.5000E+01  4.0000E+00  1.1600E+00  2.2044E+00  1.6029E+00 -1.7904E+00 -1.4514E+00
  2.5000E+01  8.0000E+00  1.5500E+00  1.9676E+00  1.3916E+00  7.4483E-02  9.2039E-02
  2.5000E+01  1.2000E+01  1.2700E+00  1.7425E+00  1.2064E+00 -2.8186E-01 -1.2566E-01
  2.5000E+01  2.4000E+01  6.2000E-01  1.2102E+00  7.8597E-01 -1.5370E+00 -1.2265E+00
  2.6000E+01  0.0000E+00  0.0000E+00  0.0000E+00  0.0000E+00  0.0000E+00  0.0000E+00
  2.6000E+01  5.0000E-01  1.9100E+00  1.1224E+00  1.5170E+00  1.7241E+00  1.6449E+00
  2.6000E+01  1.0000E+00  1.8000E+00  1.7089E+00  2.1654E+00 -4.8163E-01 -5.2440E-01
  2.6000E+01  2.0000E+00  2.7100E+00  2.1516E+00  2.5265E+00  5.9444E-01  8.4162E-01
  2.6000E+01  4.0000E+00  1.7900E+00  2.2044E+00  2.4816E+00 -1.2880E+00 -1.6449E+00
  2.6000E+01  8.0000E+00  1.9100E+00  1.9676E+00  2.2157E+00 -5.5376E-01 -4.5840E-01
  2.6000E+01  1.2000E+01  2.6100E+00  1.7425E+00  1.9751E+00  1.7922E+00  1.7507E+00
  2.6000E+01  2.4000E+01  1.4100E+00  1.2102E+00  1.3990E+00  2.1743E-01  3.9434E-01
  2.7000E+01  0.0000E+00  0.0000E+00  0.0000E+00  0.0000E+00  0.0000E+00  0.0000E+00
  2.7000E+01  5.0000E-01  1.3300E+00  1.1224E+00  1.3468E+00 -2.8384E-01 -4.2158E-01
  2.7000E+01  1.0000E+00  2.1200E+00  1.7089E+00  2.1990E+00 -2.8870E-01 -2.8802E-01
  2.7000E+01  2.0000E+00  2.3900E+00  2.1516E+00  3.0544E+00 -9.4519E-01 -1.3616E+00
  2.7000E+01  4.0000E+00  4.3100E+00  2.2044E+00  3.4044E+00  1.8770E+00  1.8339E+00
  2.7000E+01  8.0000E+00  3.8300E+00  1.9676E+00  3.0990E+00  1.8223E+00  2.1280E+00
  2.7000E+01  1.2000E+01  2.5700E+00  1.7425E+00  2.7271E+00  2.8035E-01  2.0189E-01
  2.7000E+01  2.4000E+01  2.0800E+00  1.2102E+00  1.8518E+00  1.0898E+00  1.4514E+00
  2.8000E+01  0.0000E+00  0.0000E+00  0.0000E+00  0.0000E+00  0.0000E+00  0.0000E+00
  2.8000E+01  5.0000E-01  1.2000E+00  1.1224E+00  1.0504E+00  5.5966E-01  5.4367E-01
  2.8000E+01  1.0000E+00  1.4700E+00  1.7089E+00  1.6154E+00 -5.6877E-01 -5.2440E-01
  2.8000E+01  2.0000E+00  1.7800E+00  2.1516E+00  2.0614E+00 -8.1025E-01 -8.5359E-01
  2.8000E+01  4.0000E+00  2.4400E+00  2.2044E+00  2.1349E+00  6.2026E-01  7.3885E-01
  2.8000E+01  8.0000E+00  2.1600E+00  1.9676E+00  1.9145E+00  5.4182E-01  6.2293E-01
  2.8000E+01  1.2000E+01  1.6400E+00  1.7425E+00  1.7005E+00 -2.8658E-01 -1.1724E-01
  2.8000E+01  2.4000E+01  1.2200E+00  1.2102E+00  1.1911E+00  1.6972E-03  1.5943E-01
  2.9000E+01  0.0000E+00  0.0000E+00  0.0000E+00  0.0000E+00  0.0000E+00  0.0000E+00
  2.9000E+01  5.0000E-01  4.0000E-01  1.1224E+00  6.7795E-01 -2.2976E+00 -2.1280E+00
  2.9000E+01  1.0000E+00  1.0700E+00  1.7089E+00  1.1411E+00 -1.0182E+00 -9.9446E-01
  2.9000E+01  2.0000E+00  1.8500E+00  2.1516E+00  1.6624E+00 -3.8199E-02  4.1789E-02
  2.9000E+01  4.0000E+00  1.9900E+00  2.2044E+00  1.9544E+00 -1.7380E-01  1.0884E-01
  2.9000E+01  8.0000E+00  2.2400E+00  1.9676E+00  1.8250E+00  1.0748E+00  1.1918E+00
  2.9000E+01  1.2000E+01  1.8500E+00  1.7425E+00  1.6059E+00  6.6089E-01  8.6568E-01
  2.9000E+01  2.4000E+01  8.4000E-01  1.2102E+00  1.0815E+00 -1.2722E+00 -1.2816E+00
  3.0000E+01  0.0000E+00  0.0000E+00  0.0000E+00  0.0000E+00  0.0000E+00  0.0000E+00
  3.0000E+01  5.0000E-01  1.3100E+00  1.1224E+00  1.2242E+00  2.3181E-01  2.3613E-01
  3.0000E+01  1.0000E+00  1.3800E+00  1.7089E+00  1.9456E+00 -1.5170E+00 -2.0537E+00
  3.0000E+01  2.0000E+00  2.9100E+00  2.1516E+00  2.5958E+00  7.2993E-01  8.6568E-01
  3.0000E+01  4.0000E+00  3.1500E+00  2.2044E+00  2.7780E+00  9.4344E-01  1.2265E+00
  3.0000E+01  8.0000E+00  3.0500E+00  1.9676E+00  2.4816E+00  1.4470E+00  1.7132E+00
  3.0000E+01  1.2000E+01  1.7200E+00  1.7425E+00  2.1728E+00 -8.1709E-01 -9.4107E-01
  3.0000E+01  2.4000E+01  1.6000E+00  1.2102E+00  1.4565E+00  6.5758E-01  7.6098E-01
