TABLE NO.  1
 ID          TIME        DV          PRED        IPRED       CWRES       NPDE
  1.0000E+00  0.0000E+00  0.0000E+00  0.0000E+00  0.0000E+00  0.0000E+00  0.0000E+00
  1.0000E+00  5.0000E-01  8.5000E-01  1.1219E+00  7.0430E-01  7.9626E-01  5.1484E-01
  1.0000E+00  1.0000E+00  7.4000E-01  1.7138E+00  1.0503E+00 -1.7697E+00 -1.2816E+00
  1.0000E+00  2.0000E+00  1.5000E+00  2.1655E+00  1.2867E+00  2.5831E-01  2.1898E-01
  1.0000E+00  4.0000E+00  1.2000E+00  2.2171E+00  1.2888E+00 -1.0116E+00 -8.1804E-01
  1.0000E+00  8.0000E+00  1.2000E+00  1.9605E+00  1.1327E+00 -3.7577E-01 -1.8487E-01
  1.0000E+00  1.2000E+01  8.7000E-01  1.7187E+00  9.9054E-01 -1.2299E+00 -8.5359E-01
  1.0000E+00  2.4000E+01  6.1000E-01  1.1578E+00  6.6233E-01 -9.3133E-01 -6.8502E-01
  2.0000E+00  0.0000E+00  0.0000E+00  0.0000E+00  0.0000E+00  0.0000E+00  0.0000E+00
  2.0000E+00  5.0000E-01  1.1800E+00  1.1202E+00  1.0403E+00  5.1924E-01  4.7704E-01
  2.0000E+00  1.0000E+00  1.3800E+00  1.7082E+00  1.6072E+00 -8.5062E-01 -1.0222E+00
  2.0000E+00  2.0000E+00  2.0400E+00  2.1493E+00  2.0574E+00 -1.7500E-01 -5.8521E-02
  2.0000E+00  4.0000E+00  2.2600E+00  2.1784E+00  2.1115E+00  2.3732E-01  2.8802E-01
  2.0000E+00  8.0000E+00  2.1600E+00  1.8845E+00  1.8278E+00  7.9195E-01  7.6098E-01
  2.0000E+00  1.2000E+01  1.4300E+00  1.6160E+00  1.5637E+00 -5.6524E-01 -4.1246E-01
  2.0000E+00  2.4000E+01  1.0000E+00  1.0187E+00  9.7861E-01 -5.0639E-02  1.8487E-01
  3.0000E+00  0.0000E+00  0.0000E+00  0.0000E+00  0.0000E+00  0.0000E+00  0.0000E+00
  3.0000E+00  5.0000E-01  1.1400E+00  1.1216E+00  1.0424E+00  3.8321E-01  4.4914E-01
  3.0000E+00  1.0000E+00  1.6300E+00  1.7128E+00  1.5881E+00  9.2637E-02  2.1898E-01
  3.0000E+00  2.0000E+00  1.8700E+00  2.1625E+00  1.9992E+00 -3.4544E-01 -1.2566E-01
  3.0000E+00  4.0000E+00  1.2900E+00  2.2101E+00  2.0404E+00 -1.8728E+00 -1.9893E+00
  3.0000E+00  8.0000E+00  2.4200E+00  1.9466E+00  1.8006E+00  1.7270E+00  1.3008E+00
  3.0000E+00  1.2000E+01  1.5600E+00  1.6997E+00  1.5761E+00 -7.5169E-02  2.5069E-02
  3.0000E+00  2.4000E+01  1.0100E+00  1.1313E+00  1.0569E+00 -2.8903E-01 -1.1724E-01
  4.0000E+00  0.0000E+00  0.0000E+00  0.0000E+00  0.0000E+00  0.0000E+00  0.0000E+00
  4.0000E+00  5.0000E-01  1.4100E+00  1.1212E+00  1.3647E+00  5.9175E-01  6.3310E-01
  4.0000E+00  1.0000E+00  2.5100E+00  1.7117E+00  1.9167E+00  1.8830E+00  1.5274E+00
  4.0000E+00  2.0000E+00  1.1900E+00  2.1594E+00  2.1847E+00 -2.2175E+00 -2.3263E+00
  4.0000E+00  4.0000E+00  2.1700E+00  2.2027E+00  2.0804E+00  1.8098E-01  2.4473E-01
  4.0000E+00  8.0000E+00  1.8300E+00  1.9320E+00  1.7615E+00  6.2624E-02  5.8521E-02
  4.0000E+00  1.2000E+01  1.4300E+00  1.6799E+00  1.4895E+00 -4.1466E-01 -3.3185E-01
  4.0000E+00  2.4000E+01  8.8000E-01  1.1041E+00  9.0070E-01 -5.1451E-01 -3.4956E-01
  5.0000E+00  0.0000E+00  0.0000E+00  0.0000E+00  0.0000E+00  0.0000E+00  0.0000E+00
  5.0000E+00  5.0000E-01  2.4700E+00  1.1212E+00  2.4206E+00  8.2781E-01  1.0083E+00
  5.0000E+00  1.0000E+00  4.4900E+00  1.7117E+00  3.3623E+00  2.4427E+00  2.7131E+00
  5.0000E+00  2.0000E+00  2.9900E+00  2.1594E+00  3.7901E+00 -5.2481E-01 -1.2816E+00
  5.0000E+00  4.0000E+00  3.6900E+00  2.2026E+00  3.5964E+00  5.7140E-01  8.5359E-01
  5.0000E+00  8.0000E+00  2.7500E+00  1.9318E+00  3.0521E+00 -1.6523E-01 -3.2304E-01
  5.0000E+00  1.2000E+01  2.8900E+00  1.6797E+00  2.5878E+00  8.6092E-01  1.1918E+00
  5.0000E+00  2.4000E+01  1.6700E+00  1.1038E+00  1.5774E+00  3.7289E-01  3.6738E-01
  6.0000E+00  0.0000E+00  0.0000E+00  0.0000E+00  0.0000E+00  0.0000E+00  0.0000E+00
  6.0000E+00  5.0000E-01  1.3300E+00  1.1220E+00  1.1590E+00  6.3016E-01  5.1484E-01
  6.0000E+00  1.0000E+00  1.4700E+00  1.7141E+00  1.8498E+00 -1.0865E+00 -1.5548E+00
  6.0000E+00  2.0000E+00  2.1900E+00  2.1663E+00  2.4816E+00 -5.2958E-01 -4.3991E-01
  6.0000E+00  4.0000E+00  3.0200E+00  2.2192E+00  2.6630E+00  8.6810E-01  1.0222E+00
  6.0000E+00  8.0000E+00  2.6200E+00  1.9646E+00  2.3632E+00  7.1914E-01  7.3885E-01
  6.0000E+00  1.2000E+01  2.4900E+00  1.7243E+00  2.0507E+00  1.1961E+00  1.2445E+00
  6.0000E+00  2.4000E+01  1.1800E+00  1.1655E+00  1.3380E+00 -6.1671E-01 -6.7449E-01
  7.0000E+00  0.0000E+00  0.0000E+00  0.0000E+00  0.0000E+00  0.0000E+00  0.0000E+00
  7.0000E+00  5.0000E-01  9.9000E-01  1.1213E+00  1.0004E+00 -1.1298E-01 -4.1789E-02
  7.0000E+00  1.0000E+00  1.6400E+00  1.7118E+00  1.4764E+00  4.4646E-01  6.2293E-01
  7.0000E+00  2.0000E+00  2.1700E+00  2.1596E+00  1.7844E+00  9.0258E-01  7.6098E-01
  7.0000E+00  4.0000E+00  1.0700E+00  2.2030E+00  1.7689E+00 -2.2302E+00 -2.3263E+00
  7.0000E+00  8.0000E+00  1.4900E+00  1.9327E+00  1.5433E+00 -4.1291E-01 -3.7634E-01
  7.0000E+00  1.2000E+01  1.4200E+00  1.6809E+00  1.3411E+00  5.0685E-02  5.8521E-02
  7.0000E+00  2.4000E+01  8.9000E-01  1.1055E+00  8.7994E-01 -2.0261E-01 -3.3428E-02
  8.0000E+00  0.0000E+00  0.0000E+00  0.0000E+00  0.0000E+00  0.0000E+00  0.0000E+00
  8.0000E+00  5.0000E-01  1.0300E+00  1.1211E+00  1.0205E+00 -1.4815E-01 -1.0043E-01
  8.0000E+00  1.0000E+00  1.6900E+00  1.7113E+00  1.5627E+00  2.1213E-01  3.5846E-01
  8.0000E+00  2.0000E+00  1.9200E+00  2.1581E+00  1.9750E+00 -3.3423E-01 -1.7637E-01
  8.0000E+00  4.0000E+00  2.0600E+00  2.1993E+00  2.0007E+00 -5.7605E-02  5.0154E-02
  8.0000E+00  8.0000E+00  1.7500E+00  1.9255E+00  1.7117E+00 -1.5399E-01 -1.2566E-01
  8.0000E+00  1.2000E+01  1.7100E+00  1.6711E+00  1.4499E+00  5.7756E-01  4.7704E-01
  8.0000E+00  2.4000E+01  7.2000E-01  1.0921E+00  8.8087E-01 -1.2559E+00 -1.1264E+00
  9.0000E+00  0.0000E+00  0.0000E+00  0.0000E+00  0.0000E+00  0.0000E+00  0.0000E+00
  9.0000E+00  5.0000E-01  1.1000E+00  1.1209E+00  9.8744E-01  4.6518E-01  4.5840E-01
  9.0000E+00  1.0000E+00  1.4400E+00  1.7108E+00  1.4799E+00 -2.5112E-01 -9.2039E-02
  9.0000E+00  2.0000E+00  1.9500E+00  2.1566E+00  1.8252E+00  1.7343E-01  2.5335E-01
  9.0000E+00  4.0000E+00  1.2000E+00  2.1959E+00  1.8397E+00 -1.9516E+00 -1.8808E+00
  9.0000E+00  8.0000E+00  1.9800E+00  1.9187E+00  1.6271E+00  9.2891E-01  8.9025E-01
  9.0000E+00  1.2000E+01  1.3500E+00  1.6620E+00  1.4311E+00 -4.1306E-01 -3.5846E-01
  9.0000E+00  2.4000E+01  1.0400E+00  1.0798E+00  9.7354E-01  2.5449E-01  3.1425E-01
  1.0000E+01  0.0000E+00  0.0000E+00  0.0000E+00  0.0000E+00  0.0000E+00  0.0000E+00
  1.0000E+01  5.0000E-01  1.0300E+00  1.1229E+00  1.0784E+00 -2.2741E-01 -5.0154E-02
  1.0000E+01  1.0000E+00  2.0200E+00  1.7172E+00  1.6230E+00  1.1996E+00  1.0655E+00
  1.0000E+01  2.0000E+00  1.6300E+00  2.1751E+00  2.0194E+00 -1.0467E+00 -9.6742E-01
  1.0000E+01  4.0000E+00  1.4800E+00  2.2403E+00  2.0752E+00 -1.5262E+00 -1.4051E+00
  1.0000E+01  8.0000E+00  1.9100E+00  2.0067E+00  1.9101E+00 -4.1462E-03  1.6712E-02
  1.0000E+01  1.2000E+01  1.8900E+00  1.7823E+00  1.7485E+00  4.6826E-01  4.3991E-01
  1.0000E+01  2.4000E+01  1.6800E+00  1.2484E+00  1.3413E+00  1.4690E+00  1.3205E+00
  1.1000E+01  0.0000E+00  0.0000E+00  0.0000E+00  0.0000E+00  0.0000E+00  0.0000E+00
  1.1000E+01  5.0000E-01  7.8000E-01  1.1204E+00  6.9043E-01  3.4411E-01  3.2304E-01
  1.1000E+01  1.0000E+00  1.1000E+00  1.7089E+00  1.0392E+00 -1.0428E-01 -4.1789E-02
  1.1000E+01  2.0000E+00  9.6000E-01  2.1511E+00  1.2893E+00 -1.7959E+00 -1.2445E+00
  1.1000E+01  4.0000E+00  1.1600E+00  2.1828E+00  1.3072E+00 -1.1336E+00 -9.1537E-01
  1.1000E+01  8.0000E+00  1.0500E+00  1.8932E+00  1.1635E+00 -9.8504E-01 -8.4162E-01
  1.1000E+01  1.2000E+01  1.3100E+00  1.6276E+00  1.0293E+00  8.7954E-01  4.7704E-01
  1.1000E+01  2.4000E+01  6.7000E-01  1.0340E+00  7.1264E-01 -5.4404E-01 -4.3991E-01
  1.2000E+01  0.0000E+00  0.0000E+00  0.0000E+00  0.0000E+00  0.0000E+00  0.0000E+00
  1.2000E+01  5.0000E-01  1.0600E+00  1.1231E+00  1.0272E+00 -1.3147E-01 -1.0884E-01
  1.2000E+01  1.0000E+00  1.5000E+00  1.7180E+00  1.6261E+00 -6.5745E-01 -6.9562E-01
  1.2000E+01  2.0000E+00  2.2800E+00  2.1774E+00  2.1582E+00  1.1190E-01  2.4473E-01
  1.2000E+01  4.0000E+00  2.5500E+00  2.2458E+00  2.3027E+00  4.6499E-01  5.0532E-01
  1.2000E+01  8.0000E+00  2.3100E+00  2.0179E+00  2.0659E+00  5.1213E-01  4.7704E-01
  1.2000E+01  1.2000E+01  1.8800E+00  1.7977E+00  1.8200E+00  4.3620E-02  2.3613E-01
  1.2000E+01  2.4000E+01  1.1700E+00  1.2709E+00  1.2430E+00 -4.9355E-01 -3.5846E-01
  1.3000E+01  0.0000E+00  0.0000E+00  0.0000E+00  0.0000E+00  0.0000E+00  0.0000E+00
  1.3000E+01  5.0000E-01  7.7000E-01  1.1220E+00  6.4395E-01  6.7583E-01  4.0338E-01
  1.3000E+01  1.0000E+00  6.2000E-01  1.7144E+00  1.0040E+00 -2.1870E+00 -1.9322E+00
  1.3000E+01  2.0000E+00  1.4400E+00  2.1671E+00  1.3056E+00  3.4618E-02 -5.0154E-02
  1.3000E+01  4.0000E+00  1.0700E+00  2.2211E+00  1.3741E+00 -1.6111E+00 -1.3205E+00
  1.3000E+01  8.0000E+00  1.5200E+00  1.9684E+00  1.2416E+00  6.2769E-01  2.9674E-01
  1.3000E+01  1.2000E+01  1.0700E+00  1.7295E+00  1.1075E+00 -6.0608E-01 -4.2158E-01
  1.3000E+01  2.4000E+01  7.5000E-01  1.1729E+00  7.8572E-01 -5.6866E-01 -3.9434E-01
  1.4000E+01  0.0000E+00  0.0000E+00  0.0000E+00  0.0000E+00  0.0000E+00  0.0000E+00
  1.4000E+01  5.0000E-01  1.3000E+00  1.1233E+00  1.1744E+00  6.3536E-01  6.2293E-01
  1.4000E+01  1.0000E+00  1.9400E+00  1.7185E+00  1.7611E+00  6.0001E-01  7.0630E-01
  1.4000E+01  2.0000E+00  1.3400E+00  2.1790E+00  2.1793E+00 -1.9389E+00 -2.4747E+00
  1.4000E+01  4.0000E+00  2.2200E+00  2.2497E+00  2.2235E+00 -2.5487E-02  8.3652E-02
  1.4000E+01  8.0000E+00  2.1200E+00  2.0256E+00  2.0240E+00  2.4140E-01  2.6198E-01
  1.4000E+01  1.2000E+01  2.0800E+00  1.8085E+00  1.8329E+00  7.0450E-01  7.0630E-01
  1.4000E+01  2.4000E+01  1.4900E+00  1.2868E+00  1.3610E+00  5.3725E-01  6.7449E-01
  1.5000E+01  0.0000E+00  0.0000E+00  0.0000E+00  0.0000E+00  0.0000E+00  0.0000E+00
  1.5000E+01  5.0000E-01  1.2100E+00  1.1227E+00  1.2092E+00 -5.0835E-02 -1.1724E-01
  1.5000E+01  1.0000E+00  1.4100E+00  1.7166E+00  1.9183E+00 -1.3364E+00 -1.6449E+00
  1.5000E+01  2.0000E+00  3.4000E+00  2.1735E+00  2.5545E+00  1.8395E+00  1.7132E+00
  1.5000E+01  4.0000E+00  1.9900E+00  2.2363E+00  2.7363E+00 -1.1200E+00 -1.6134E+00
  1.5000E+01  8.0000E+00  2.9200E+00  1.9989E+00  2.4651E+00  1.2248E+00  1.2628E+00
  1.5000E+01  1.2000E+01  2.2400E+00  1.7714E+00  2.1792E+00  3.8654E-01  5.6315E-01
  1.5000E+01  2.4000E+01  1.5700E+00  1.2326E+00  1.5040E+00  3.4558E-01  4.7704E-01
  1.6000E+01  0.0000E+00  0.0000E+00  0.0000E+00  0.0000E+00  0.0000E+00  0.0000E+00
  1.6000E+01  5.0000E-01  8.7000E-01  1.1230E+00  1.0516E+00 -9.8389E-01 -1.0083E+00
  1.6000E+01  1.0000E+00  2.0100E+00  1.7176E+00  1.6199E+00  1.0553E+00  9.8085E-01
  1.6000E+01  2.0000E+00  2.0000E+00  2.1764E+00  2.0731E+00 -3.1205E-01 -6.6893E-02
  1.6000E+01  4.0000E+00  2.1300E+00  2.2434E+00  2.1573E+00 -1.6504E-01 -9.2039E-02
  1.6000E+01  8.0000E+00  2.2800E+00  2.0130E+00  1.9511E+00  7.8115E-01  6.9562E-01
  1.6000E+01  1.2000E+01  1.3200E+00  1.7910E+00  1.7474E+00 -1.2871E+00 -1.3830E+00
  1.6000E+01  2.4000E+01  1.4100E+00  1.2611E+00  1.2550E+00  6.0736E-01  8.4162E-01
  1.7000E+01  0.0000E+00  0.0000E+00  0.0000E+00  0.0000E+00  0.0000E+00  0.0000E+00
  1.7000E+01  5.0000E-01  1.5200E+00  1.1217E+00  1.7829E+00 -6.8894E-01 -1.1750E+00
  1.7000E+01  1.0000E+00  3.4600E+00  1.7132E+00  2.8214E+00  1.4205E+00  2.0537E+00
  1.7000E+01  2.0000E+00  3.1400E+00  2.1637E+00  3.7383E+00 -2.8264E-01 -5.0532E-01
  1.7000E+01  4.0000E+00  3.7900E+00  2.2128E+00  3.9631E+00  5.1118E-01  5.6315E-01
  1.7000E+01  8.0000E+00  3.3800E+00  1.9519E+00  3.4959E+00  5.4964E-01  6.1281E-01
  1.7000E+01  1.2000E+01  4.4000E+00  1.7070E+00  3.0259E+00  2.9789E+00  2.9352E+00
  1.7000E+01  2.4000E+01  1.6700E+00  1.1413E+00  1.9600E+00 -2.7975E-01 -4.9585E-01
  1.8000E+01  0.0000E+00  0.0000E+00  0.0000E+00  0.0000E+00  0.0000E+00  0.0000E+00
  1.8000E+01  5.0000E-01  1.6200E+00  1.1218E+00  2.1020E+00 -9.7935E-01 -2.1280E+00
  1.8000E+01  1.0000E+00  3.6700E+00  1.7137E+00  3.2473E+00  1.0647E+00  1.1750E+00
  1.8000E+01  2.0000E+00  5.2600E+00  2.1652E+00  4.1445E+00  1.9989E+00  2.3263E+00
  1.8000E+01  4.0000E+00  4.2400E+00  2.2165E+00  4.1953E+00  7.0904E-01  8.2977E-01
  1.8000E+01  8.0000E+00  3.9000E+00  1.9593E+00  3.5014E+00  1.0198E+00  1.4279E+00
  1.8000E+01  1.2000E+01  3.0200E+00  1.7171E+00  2.8843E+00  4.5879E-01  6.8502E-01
  1.8000E+01  2.4000E+01  1.5200E+00  1.1555E+00  1.6114E+00 -5.0877E-01 -6.9562E-01
  1.9000E+01  0.0000E+00  0.0000E+00  0.0000E+00  0.0000E+00  0.0000E+00  0.0000E+00
  1.9000E+01  5.0000E-01  2.1800E+00  1.1231E+00  2.3253E+00  2.2639E-01  1.2566E-01
  1.9000E+01  1.0000E+00  4.0500E+00  1.7179E+00  3.3741E+00  1.7594E+00  2.3263E+00
  1.9000E+01  2.0000E+00  4.7200E+00  2.1771E+00  3.9557E+00  1.7220E+00  2.0537E+00
  1.9000E+01  4.0000E+00  2.8200E+00  2.2450E+00  3.7150E+00 -7.5638E-01 -1.4514E+00
  1.9000E+01  8.0000E+00  3.6700E+00  2.0163E+00  2.9247E+00  1.3132E+00  1.4758E+00
  1.9000E+01  1.2000E+01  2.2000E+00  1.7956E+00  2.2942E+00 -5.7221E-01 -6.7449E-01
  1.9000E+01  2.4000E+01  8.6000E-01  1.2678E+00  1.1072E+00 -1.9924E+00 -2.3263E+00
  2.0000E+01  0.0000E+00  0.0000E+00  0.0000E+00  0.0000E+00  0.0000E+00  0.0000E+00
  2.0000E+01  5.0000E-01  9.6000E-01  1.1204E+00  1.0116E+00 -7.2203E-01 -1.1108E+00
  2.0000E+01  1.0000E+00  1.8200E+00  1.7090E+00  1.7383E+00 -2.4791E-01 -3.8532E-01
  2.0000E+01  2.0000E+00  2.0700E+00  2.1514E+00  2.6221E+00 -1.3107E+00 -1.6781E+00
  2.0000E+01  4.0000E+00  2.8100E+00  2.1835E+00  3.2299E+00 -3.8228E-01 -2.7932E-01
  2.0000E+01  8.0000E+00  3.9900E+00  1.8946E+00  3.1424E+00  2.0937E+00  2.4747E+00
  2.0000E+01  1.2000E+01  3.2600E+00  1.6295E+00  2.8180E+00  1.6008E+00  1.8339E+00
  2.0000E+01  2.4000E+01  2.3700E+00  1.0364E+00  1.9857E+00  1.8117E+00  2.1280E+00
  2.1000E+01  0.0000E+00  0.0000E+00  0.0000E+00  0.0000E+00  0.0000E+00  0.0000E+00
  2.1000E+01  5.0000E-01  4.9000E-01  1.1225E+00  5.6916E-01 -1.1368E+00 -7.9491E-01
  2.1000E+01  1.0000E+00  1.0200E+00  1.7160E+00  9.1752E-01 -1.5206E-01 -2.6198E-01
  2.1000E+01  2.0000E+00  1.2300E+00  2.1716E+00  1.2542E+00 -7.8360E-01 -5.2440E-01
  2.1000E+01  4.0000E+00  1.1600E+00  2.2318E+00  1.3918E+00 -1.3954E+00 -1.1108E+00
  2.1000E+01  8.0000E+00  1.3500E+00  1.9897E+00  1.3136E+00 -2.8877E-01 -1.9337E-01
  2.1000E+01  1.2000E+01  1.0600E+00  1.7588E+00  1.2109E+00 -9.4170E-01 -6.5366E-01
  2.1000E+01  2.4000E+01  1.2300E+00  1.2145E+00  9.4693E-01  1.3402E+00  1.0083E+00
  2.2000E+01  0.0000E+00  0.0000E+00  0.0000E+00  0.0000E+00  0.0000E+00  0.0000E+00
  2.2000E+01  5.0000E-01  1.3600E+00  1.1218E+00  1.3118E+00  4.3901E-01  6.2293E-01
  2.2000E+01  1.0000E+00  2.2700E+00  1.7136E+00  1.8251E+00  1.3526E+00  1.2265E+00
  2.2000E+01  2.0000E+00  2.1700E+00  2.1648E+00  2.0448E+00  1.6635E-01  3.1425E-01
  2.2000E+01  4.0000E+00  1.7600E+00  2.2156E+00  1.8876E+00 -7.1742E-01 -5.5338E-01
  2.2000E+01  8.0000E+00  1.1700E+00  1.9575E+00  1.5045E+00 -1.7269E+00 -1.3408E+00
  2.2000E+01  1.2000E+01  1.2700E+00  1.7146E+00  1.1976E+00 -4.8359E-01 -3.0548E-01
  2.2000E+01  2.4000E+01  4.9000E-01  1.1520E+00  6.0416E-01 -1.7512E+00 -1.6134E+00
  2.3000E+01  0.0000E+00  0.0000E+00  0.0000E+00  0.0000E+00  0.0000E+00  0.0000E+00
  2.3000E+01  5.0000E-01  1.0500E+00  1.1207E+00  1.2017E+00 -4.4767E-01 -4.9585E-01
  2.3000E+01  1.0000E+00  2.3300E+00  1.7099E+00  1.7125E+00  1.8579E+00  1.5834E+00
  2.3000E+01  2.0000E+00  2.0700E+00  2.1541E+00  1.9868E+00  5.8882E-02  1.8487E-01
  2.3000E+01  4.0000E+00  1.7100E+00  2.1899E+00  1.9214E+00 -7.9696E-01 -6.4335E-01
  2.3000E+01  8.0000E+00  1.4400E+00  1.9070E+00  1.6589E+00 -8.8628E-01 -7.7219E-01
  2.3000E+01  1.2000E+01  1.1600E+00  1.6462E+00  1.4298E+00 -1.1383E+00 -1.0954E+00
  2.3000E+01  2.4000E+01  1.0500E+00  1.0586E+00  9.1542E-01  5.6525E-01  4.7704E-01
  2.4000E+01  0.0000E+00  0.0000E+00  0.0000E+00  0.0000E+00  0.0000E+00  0.0000E+00
  2.4000E+01  5.0000E-01  6.7000E-01  1.1220E+00  7.7025E-01 -1.0356E+00 -9.5417E-01
  2.4000E+01  1.0000E+00  1.3400E+00  1.7141E+00  1.2336E+00 -5.2606E-02  1.6712E-02
  2.4000E+01  2.0000E+00  1.8000E+00  2.1663E+00  1.6676E+00  3.1402E-03  1.1724E-01
  2.4000E+01  4.0000E+00  1.4200E+00  2.2189E+00  1.8206E+00 -1.3529E+00 -1.1918E+00
  2.4000E+01  8.0000E+00  2.0500E+00  1.9642E+00  1.6773E+00  9.9083E-01  7.6098E-01
  2.4000E+01  1.2000E+01  1.2400E+00  1.7237E+00  1.5120E+00 -9.6763E-01 -8.1804E-01
  2.4000E+01  2.4000E+01  1.3000E+00  1.1647E+00  1.1059E+00  9.2394E-01  8.9025E-01
  2.5000E+01  0.0000E+00  0.0000E+00  0.0000E+00  0.0000E+00  0.0000E+00  0.0000E+00
  2.5000E+01  5.0000E-01  1.2900E+00  1.1244E+00  1.0173E+00  1.4920E+00  1.2265E+00
  2.5000E+01  1.0000E+00  1.3300E+00  1.7222E+00  1.4043E+00 -3.3395E-01 -1.4252E-01
  2.5000E+01  2.0000E+00  1.5900E+00  2.1897E+00  1.5834E+00 -3.7092E-01 -1.0884E-01
  2.5000E+01  4.0000E+00  1.1600E+00  2.2756E+00  1.5338E+00 -1.7375E+00 -1.3830E+00
  2.5000E+01  8.0000E+00  1.5500E+00  2.0784E+00  1.3688E+00  1.1779E-01  5.8521E-02
  2.5000E+01  1.2000E+01  1.2700E+00  1.8825E+00  1.2208E+00 -3.5400E-01 -3.4069E-01
  2.5000E+01  2.4000E+01  6.2000E-01  1.3984E+00  8.6612E-01 -1.8942E+00 -1.4514E+00
  2.6000E+01  0.0000E+00  0.0000E+00  0.0000E+00  0.0000E+00  0.0000E+00  0.0000E+00
  2.6000E+01  5.0000E-01  1.9100E+00  1.1227E+00  1.5342E+00  1.6839E+00  1.5274E+00
  2.6000E+01  1.0000E+00  1.8000E+00  1.7165E+00  2.1829E+00 -5.1048E-01 -5.8284E-01
  2.6000E+01  2.0000E+00  2.7100E+00  2.1733E+00  2.5379E+00  5.5426E-01  6.8502E-01
  2.6000E+01  4.0000E+00  1.7900E+00  2.2358E+00  2.4887E+00 -1.3154E+00 -1.6134E+00
  2.6000E+01  8.0000E+00  1.9100E+00  1.9978E+00  2.2217E+00 -5.9376E-01 -5.1484E-01
  2.6000E+01  1.2000E+01  2.6100E+00  1.7700E+00  1.9804E+00  1.7407E+00  1.5011E+00
  2.6000E+01  2.4000E+01  1.4100E+00  1.2306E+00  1.4026E+00  1.6143E-01  2.1898E-01
  2.7000E+01  0.0000E+00  0.0000E+00  0.0000E+00  0.0000E+00  0.0000E+00  0.0000E+00
  2.7000E+01  5.0000E-01  1.3300E+00  1.1234E+00  1.3217E+00 -2.0143E-01 -3.7634E-01
  2.7000E+01  1.0000E+00  2.1200E+00  1.7189E+00  2.1676E+00 -2.3798E-01 -2.7932E-01
  2.7000E+01  2.0000E+00  2.3900E+00  2.1802E+00  3.0331E+00 -9.4959E-01 -1.3008E+00
  2.7000E+01  4.0000E+00  4.3100E+00  2.2525E+00  3.4141E+00  1.7852E+00  1.8808E+00
  2.7000E+01  8.0000E+00  3.8300E+00  2.0315E+00  3.1426E+00  1.6379E+00  1.9893E+00
  2.7000E+01  1.2000E+01  2.5700E+00  1.8166E+00  2.7903E+00  6.0171E-02 -5.0154E-02
  2.7000E+01  2.4000E+01  2.0800E+00  1.2988E+00  1.9449E+00  6.5412E-01  1.0364E+00
  2.8000E+01  0.0000E+00  0.0000E+00  0.0000E+00  0.0000E+00  0.0000E+00  0.0000E+00
  2.8000E+01  5.0000E-01  1.2000E+00  1.1216E+00  1.0479E+00  5.9585E-01  5.2440E-01
  2.8000E+01  1.0000E+00  1.4700E+00  1.7128E+00  1.6208E+00 -5.8697E-01 -5.6315E-01
  2.8000E+01  2.0000E+00  1.7800E+00  2.1625E+00  2.0825E+00 -8.5477E-01 -8.6568E-01
  2.8000E+01  4.0000E+00  2.4400E+00  2.2099E+00  2.1614E+00  5.5341E-01  7.2791E-01
  2.8000E+01  8.0000E+00  2.1600E+00  1.9462E+00  1.9224E+00  5.3816E-01  5.9277E-01
  2.8000E+01  1.2000E+01  1.6400E+00  1.6993E+00  1.6908E+00 -2.2894E-01 -1.0884E-01
  2.8000E+01  2.4000E+01  1.2200E+00  1.1307E+00  1.1498E+00  2.4012E-01  3.4069E-01
  2.9000E+01  0.0000E+00  0.0000E+00  0.0000E+00  0.0000E+00  0.0000E+00  0.0000E+00
  2.9000E+01  5.0000E-01  4.0000E-01  1.1226E+00  6.4681E-01 -2.3272E+00 -2.1280E+00
  2.9000E+01  1.0000E+00  1.0700E+00  1.7162E+00  1.0993E+00 -9.2128E-01 -9.1537E-01
  2.9000E+01  2.0000E+00  1.8500E+00  2.1722E+00  1.6270E+00 -2.4278E-04  3.3428E-02
  2.9000E+01  4.0000E+00  1.9900E+00  2.2333E+00  1.9496E+00 -2.2751E-01  1.3409E-01
  2.9000E+01  8.0000E+00  2.2400E+00  1.9929E+00  1.8399E+00  1.0203E+00  1.0083E+00
  2.9000E+01  1.2000E+01  1.8500E+00  1.7631E+00  1.6184E+00  6.3810E-01  7.7219E-01
  2.9000E+01  2.4000E+01  8.4000E-01  1.2207E+00  1.0829E+00 -1.2695E+00 -1.2816E+00
  3.0000E+01  0.0000E+00  0.0000E+00  0.0000E+00  0.0000E+00  0.0000E+00  0.0000E+00
  3.0000E+01  5.0000E-01  1.3100E+00  1.1204E+00  1.2086E+00  2.8601E-01  2.5335E-01
  3.0000E+01  1.0000E+00  1.3800E+00  1.7091E+00  1.9380E+00 -1.5315E+00 -1.9893E+00
  3.0000E+01  2.0000E+00  2.9100E+00  2.1518E+00  2.6176E+00  6.6017E-01  8.6568E-01
  3.0000E+01  4.0000E+00  3.1500E+00  2.1843E+00  2.8260E+00  8.5336E-01  1.0655E+00
  3.0000E+01  8.0000E+00  3.0500E+00  1.8961E+00  2.5101E+00  1.4211E+00  1.6134E+00
  3.0000E+01  1.2000E+01  1.7200E+00  1.6315E+00  2.1752E+00 -7.4727E-01 -9.8085E-01
  3.0000E+01  2.4000E+01  1.6000E+00  1.0391E+00  1.4128E+00  9.4876E-01  9.4107E-01
