TABLE NO.  2
 ID          CL          V           KA          ETA1        ETA2        ETA3
  1.0000E+00  2.3291E+00  6.9173E+01  1.3545E+00  5.6377E-01  5.4368E-01  1.1138E-01
  2.0000E+00  1.5186E+00  4.2383E+01  1.1762E+00  1.3603E-01  5.3822E-02 -2.9775E-02
  3.0000E+00  1.4381E+00  4.3883E+01  1.2367E+00  8.1583E-02  8.8591E-02  2.0432E-02
  4.0000E+00  1.7009E+00  4.1992E+01  1.7253E+00  2.4944E-01  4.4537E-02  3.5334E-01
  5.0000E+00  9.7561E-01  2.4273E+01  1.7960E+00 -3.0642E-01 -5.0358E-01  3.9350E-01
  6.0000E+00  1.1787E+00  3.2978E+01  9.7531E-01 -1.1729E-01 -1.9709E-01 -2.1705E-01
  7.0000E+00  1.7177E+00  5.0550E+01  1.4240E+00  2.5929E-01  2.3002E-01  1.6144E-01
  8.0000E+00  1.7366E+00  4.4040E+01  1.2086E+00  2.7022E-01  9.2168E-02 -2.6138E-03
  9.0000E+00  1.5078E+00  4.9246E+01  1.3451E+00  1.2894E-01  2.0389E-01  1.0443E-01
  1.0000E+01  1.0409E+00  4.3813E+01  1.2899E+00 -2.4167E-01  8.6988E-02  6.2550E-02
  1.1000E+01  1.9662E+00  7.0322E+01  1.3398E+00  3.9439E-01  5.6015E-01  1.0050E-01
  1.2000E+01  1.3101E+00  3.7967E+01  9.9989E-01 -1.1600E-02 -5.6223E-02 -1.9215E-01
  1.3000E+01  1.9118E+00  6.5405E+01  1.1072E+00  3.6632E-01  4.8767E-01 -9.0186E-02
  1.4000E+01  1.1035E+00  4.0304E+01  1.2971E+00 -1.8323E-01  3.5277E-03  6.8090E-02
  1.5000E+01  1.0473E+00  3.2248E+01  9.9859E-01 -2.3547E-01 -2.1947E-01 -1.9345E-01
  1.6000E+01  1.2277E+00  4.1361E+01  1.1527E+00 -7.6557E-02  2.9411E-02 -4.9897E-02
  1.7000E+01  7.9639E-01  2.2261E+01  1.0235E+00 -5.0939E-01 -5.9012E-01 -1.6886E-01
  1.8000E+01  9.7617E-01  2.0301E+01  1.1310E+00 -3.0585E-01 -6.8225E-01 -6.8973E-02
  1.9000E+01  1.3663E+00  2.1691E+01  1.4389E+00  3.0371E-02 -6.1604E-01  1.7183E-01
  2.0000E+01  7.3053E-01  2.6645E+01  6.3512E-01 -5.9571E-01 -4.1032E-01 -6.4598E-01
  2.1000E+01  1.4130E+00  6.5111E+01  9.2994E-01  6.4000E-02  4.8316E-01 -2.6468E-01
  2.2000E+01  2.4650E+00  4.3738E+01  1.7428E+00  6.2049E-01  8.5274E-02  3.6344E-01
  2.3000E+01  1.6340E+00  4.6375E+01  1.6457E+00  2.0930E-01  1.4383E-01  3.0610E-01
  2.4000E+01  1.3080E+00  4.9500E+01  9.6696E-01 -1.3228E-02  2.0903E-01 -2.2564E-01
  2.5000E+01  2.0528E+00  5.5942E+01  1.7411E+00  4.3749E-01  3.3137E-01  3.6248E-01
  2.6000E+01  1.0880E+00  3.5889E+01  1.6232E+00 -1.9736E-01 -1.1251E-01  2.9238E-01
  2.7000E+01  8.3225E-01  2.5346E+01  8.2401E-01 -4.6535E-01 -4.6033E-01 -3.8562E-01
  2.8000E+01  1.3144E+00  4.1506E+01  1.1544E+00 -8.3515E-03  3.2907E-02 -4.8499E-02
  2.9000E+01  1.5222E+00  4.2911E+01  6.5557E-01  1.3842E-01  6.6196E-02 -6.1429E-01
  3.0000E+01  1.0649E+00  3.1536E+01  9.7088E-01 -2.1884E-01 -2.4181E-01 -2.2160E-01
