TABLE NO.  1
 ID          TIME        DV          PRED        IPRED       CWRES       NPDE
  1.0000E+00  0.0000E+00  0.0000E+00  0.0000E+00  0.0000E+00  0.0000E+00  0.0000E+00
  1.0000E+00  5.0000E-01  8.5000E-01  1.1212E+00  7.0462E-01  8.1020E-01  5.1484E-01
  1.0000E+00  1.0000E+00  7.4000E-01  1.7146E+00  1.0508E+00 -1.7751E+00 -1.2816E+00
  1.0000E+00  2.0000E+00  1.5000E+00  2.1693E+00  1.2872E+00  2.5586E-01  2.1898E-01
  1.0000E+00  4.0000E+00  1.2000E+00  2.2230E+00  1.2891E+00 -1.0180E+00 -7.9491E-01
  1.0000E+00  8.0000E+00  1.2000E+00  1.9655E+00  1.1324E+00 -3.7732E-01 -2.0189E-01
  1.0000E+00  1.2000E+01  8.7000E-01  1.7226E+00  9.8973E-01 -1.2328E+00 -8.5359E-01
  1.0000E+00  2.4000E+01  6.1000E-01  1.1593E+00  6.6075E-01 -9.2787E-01 -6.7449E-01
  2.0000E+00  0.0000E+00  0.0000E+00  0.0000E+00  0.0000E+00  0.0000E+00  0.0000E+00
  2.0000E+00  5.0000E-01  1.1800E+00  1.1212E+00  1.0388E+00  5.4806E-01  5.0532E-01
  2.0000E+00  1.0000E+00  1.3800E+00  1.7146E+00  1.5973E+00 -8.1406E-01 -9.2814E-01
  2.0000E+00  2.0000E+00  2.0400E+00  2.1693E+00  2.0337E+00 -1.3021E-01 -2.5069E-02
  2.0000E+00  4.0000E+00  2.2600E+00  2.2230E+00  2.0866E+00  2.5966E-01  2.8802E-01
  2.0000E+00  8.0000E+00  2.1600E+00  1.9655E+00  1.8269E+00  7.2875E-01  6.7449E-01
  2.0000E+00  1.2000E+01  1.4300E+00  1.7226E+00  1.5831E+00 -7.0559E-01 -5.4367E-01
  2.0000E+00  2.4000E+01  1.0000E+00  1.1593E+00  1.0299E+00 -4.1261E-01 -2.1898E-01
  3.0000E+00  0.0000E+00  0.0000E+00  0.0000E+00  0.0000E+00  0.0000E+00  0.0000E+00
  3.0000E+00  5.0000E-01  1.1400E+00  1.1212E+00  1.0415E+00  3.9458E-01  4.6770E-01
  3.0000E+00  1.0000E+00  1.6300E+00  1.7146E+00  1.5857E+00  1.0166E-01  2.3613E-01
  3.0000E+00  2.0000E+00  1.8700E+00  2.1693E+00  1.9950E+00 -3.4146E-01 -1.0884E-01
  3.0000E+00  4.0000E+00  1.2900E+00  2.2230E+00  2.0366E+00 -1.8784E+00 -1.9893E+00
  3.0000E+00  8.0000E+00  2.4200E+00  1.9655E+00  1.8009E+00  1.7110E+00  1.3008E+00
  3.0000E+00  1.2000E+01  1.5600E+00  1.7226E+00  1.5797E+00 -1.0264E-01 -1.6712E-02
  3.0000E+00  2.4000E+01  1.0100E+00  1.1593E+00  1.0661E+00 -3.4665E-01 -1.5097E-01
  4.0000E+00  0.0000E+00  0.0000E+00  0.0000E+00  0.0000E+00  0.0000E+00  0.0000E+00
  4.0000E+00  5.0000E-01  1.4100E+00  1.1212E+00  1.3605E+00  6.1629E-01  6.3310E-01
  4.0000E+00  1.0000E+00  2.5100E+00  1.7146E+00  1.9075E+00  1.9115E+00  1.5274E+00
  4.0000E+00  2.0000E+00  1.1900E+00  2.1693E+00  2.1715E+00 -2.2141E+00 -2.3263E+00
  4.0000E+00  4.0000E+00  2.1700E+00  2.2230E+00  2.0715E+00  1.8259E-01  2.4473E-01
  4.0000E+00  8.0000E+00  1.8300E+00  1.9655E+00  1.7637E+00  2.9690E-02  3.3428E-02
  4.0000E+00  1.2000E+01  1.4300E+00  1.7226E+00  1.4999E+00 -4.7869E-01 -4.1246E-01
  4.0000E+00  2.4000E+01  8.8000E-01  1.1593E+00  9.2248E-01 -6.6386E-01 -4.9585E-01
  5.0000E+00  0.0000E+00  0.0000E+00  0.0000E+00  0.0000E+00  0.0000E+00  0.0000E+00
  5.0000E+00  5.0000E-01  2.4700E+00  1.1212E+00  2.4135E+00  8.5335E-01  1.0803E+00
  5.0000E+00  1.0000E+00  4.4900E+00  1.7146E+00  3.3487E+00  2.4680E+00  2.7131E+00
  5.0000E+00  2.0000E+00  2.9900E+00  2.1693E+00  3.7726E+00 -5.1499E-01 -1.2090E+00
  5.0000E+00  4.0000E+00  3.6900E+00  2.2230E+00  3.5851E+00  5.6769E-01  8.5359E-01
  5.0000E+00  8.0000E+00  2.7500E+00  1.9655E+00  3.0554E+00 -2.0231E-01 -3.4956E-01
  5.0000E+00  1.2000E+01  2.8900E+00  1.7226E+00  2.6016E+00  7.8594E-01  1.0803E+00
  5.0000E+00  2.4000E+01  1.6700E+00  1.1593E+00  1.6061E+00  2.1205E-01  1.0043E-01
  6.0000E+00  0.0000E+00  0.0000E+00  0.0000E+00  0.0000E+00  0.0000E+00  0.0000E+00
  6.0000E+00  5.0000E-01  1.3300E+00  1.1212E+00  1.1590E+00  6.3422E-01  5.1484E-01
  6.0000E+00  1.0000E+00  1.4700E+00  1.7146E+00  1.8502E+00 -1.0865E+00 -1.5548E+00
  6.0000E+00  2.0000E+00  2.1900E+00  2.1693E+00  2.4830E+00 -5.3254E-01 -4.3991E-01
  6.0000E+00  4.0000E+00  3.0200E+00  2.2230E+00  2.6647E+00  8.6074E-01  1.0222E+00
  6.0000E+00  8.0000E+00  2.6200E+00  1.9655E+00  2.3636E+00  7.1633E-01  7.3885E-01
  6.0000E+00  1.2000E+01  2.4900E+00  1.7226E+00  2.0498E+00  1.1988E+00  1.2445E+00
  6.0000E+00  2.4000E+01  1.1800E+00  1.1593E+00  1.3349E+00 -6.0341E-01 -6.6404E-01
  7.0000E+00  0.0000E+00  0.0000E+00  0.0000E+00  0.0000E+00  0.0000E+00  0.0000E+00
  7.0000E+00  5.0000E-01  9.9000E-01  1.1212E+00  9.9810E-01 -9.3672E-02 -3.3428E-02
  7.0000E+00  1.0000E+00  1.6400E+00  1.7146E+00  1.4710E+00  4.6925E-01  6.2293E-01
  7.0000E+00  2.0000E+00  2.1700E+00  2.1693E+00  1.7760E+00  9.2270E-01  7.6098E-01
  7.0000E+00  4.0000E+00  1.0700E+00  2.2230E+00  1.7622E+00 -2.2364E+00 -2.3263E+00
  7.0000E+00  8.0000E+00  1.4900E+00  1.9655E+00  1.5442E+00 -4.4080E-01 -4.1246E-01
  7.0000E+00  1.2000E+01  1.4200E+00  1.7226E+00  1.3480E+00 -5.8656E-03  1.6712E-02
  7.0000E+00  2.4000E+01  8.9000E-01  1.1593E+00  8.9656E-01 -3.3169E-01 -1.4252E-01
  8.0000E+00  0.0000E+00  0.0000E+00  0.0000E+00  0.0000E+00  0.0000E+00  0.0000E+00
  8.0000E+00  5.0000E-01  1.0300E+00  1.1212E+00  1.0187E+00 -1.3036E-01 -8.3652E-02
  8.0000E+00  1.0000E+00  1.6900E+00  1.7146E+00  1.5555E+00  2.3915E-01  3.8532E-01
  8.0000E+00  2.0000E+00  1.9200E+00  2.1693E+00  1.9599E+00 -3.1055E-01 -1.2566E-01
  8.0000E+00  4.0000E+00  2.0600E+00  2.2230E+00  1.9861E+00 -4.7097E-02  5.0154E-02
  8.0000E+00  8.0000E+00  1.7500E+00  1.9655E+00  1.7120E+00 -1.8596E-01 -1.4252E-01
  8.0000E+00  1.2000E+01  1.7100E+00  1.7226E+00  1.4623E+00  4.9792E-01  3.8532E-01
  8.0000E+00  2.4000E+01  7.2000E-01  1.1593E+00  9.1105E-01 -1.4267E+00 -1.2816E+00
  9.0000E+00  0.0000E+00  0.0000E+00  0.0000E+00  0.0000E+00  0.0000E+00  0.0000E+00
  9.0000E+00  5.0000E-01  1.1000E+00  1.1212E+00  9.8577E-01  4.8804E-01  5.1484E-01
  9.0000E+00  1.0000E+00  1.4400E+00  1.7146E+00  1.4739E+00 -2.2809E-01 -5.0154E-02
  9.0000E+00  2.0000E+00  1.9500E+00  2.1693E+00  1.8135E+00  1.9662E-01  2.6198E-01
  9.0000E+00  4.0000E+00  1.2000E+00  2.2230E+00  1.8288E+00 -1.9568E+00 -1.8339E+00
  9.0000E+00  8.0000E+00  1.9800E+00  1.9655E+00  1.6264E+00  8.9406E-01  8.2977E-01
  9.0000E+00  1.2000E+01  1.3500E+00  1.7226E+00  1.4390E+00 -4.8720E-01 -4.0338E-01
  9.0000E+00  2.4000E+01  1.0400E+00  1.1593E+00  9.9654E-01  7.2495E-02  1.7637E-01
  1.0000E+01  0.0000E+00  0.0000E+00  0.0000E+00  0.0000E+00  0.0000E+00  0.0000E+00
  1.0000E+01  5.0000E-01  1.0300E+00  1.1212E+00  1.0778E+00 -2.3549E-01 -4.1789E-02
  1.0000E+01  1.0000E+00  2.0200E+00  1.7146E+00  1.6306E+00  1.1722E+00  1.0508E+00
  1.0000E+01  2.0000E+00  1.6300E+00  2.1693E+00  2.0412E+00 -1.0708E+00 -9.9446E-01
  1.0000E+01  4.0000E+00  1.4800E+00  2.2230E+00  2.1011E+00 -1.5344E+00 -1.4279E+00
  1.0000E+01  8.0000E+00  1.9100E+00  1.9655E+00  1.9227E+00  1.4257E-02  4.1789E-02
  1.0000E+01  1.2000E+01  1.8900E+00  1.7226E+00  1.7485E+00  5.3302E-01  5.1484E-01
  1.0000E+01  2.4000E+01  1.6800E+00  1.1593E+00  1.3148E+00  1.6879E+00  1.4758E+00
  1.1000E+01  0.0000E+00  0.0000E+00  0.0000E+00  0.0000E+00  0.0000E+00  0.0000E+00
  1.1000E+01  5.0000E-01  7.8000E-01  1.1212E+00  6.8894E-01  3.7314E-01  3.6738E-01
  1.1000E+01  1.0000E+00  1.1000E+00  1.7146E+00  1.0319E+00 -6.7283E-02 -8.3555E-03
  1.1000E+01  2.0000E+00  9.6000E-01  2.1693E+00  1.2737E+00 -1.7745E+00 -1.1585E+00
  1.1000E+01  4.0000E+00  1.1600E+00  2.2230E+00  1.2918E+00 -1.1219E+00 -9.1537E-01
  1.1000E+01  8.0000E+00  1.0500E+00  1.9655E+00  1.1612E+00 -1.0338E+00 -8.6568E-01
  1.1000E+01  1.2000E+01  1.3100E+00  1.7226E+00  1.0384E+00  7.6518E-01  3.4956E-01
  1.1000E+01  2.4000E+01  6.7000E-01  1.1593E+00  7.4239E-01 -8.1182E-01 -5.9277E-01
  1.2000E+01  0.0000E+00  0.0000E+00  0.0000E+00  0.0000E+00  0.0000E+00  0.0000E+00
  1.2000E+01  5.0000E-01  1.0600E+00  1.1212E+00  1.0266E+00 -1.4172E-01 -1.4252E-01
  1.2000E+01  1.0000E+00  1.5000E+00  1.7146E+00  1.6318E+00 -6.8513E-01 -7.7219E-01
  1.2000E+01  2.0000E+00  2.2800E+00  2.1693E+00  2.1768E+00  6.7788E-02  2.1043E-01
  1.2000E+01  4.0000E+00  2.5500E+00  2.2230E+00  2.3263E+00  4.3095E-01  4.6770E-01
  1.2000E+01  8.0000E+00  2.3100E+00  1.9655E+00  2.0690E+00  5.4521E-01  5.4367E-01
  1.2000E+01  1.2000E+01  1.8800E+00  1.7226E+00  1.8031E+00  1.4437E-01  3.3185E-01
  1.2000E+01  2.4000E+01  1.1700E+00  1.1593E+00  1.1917E+00 -2.2272E-01 -4.1789E-02
  1.3000E+01  0.0000E+00  0.0000E+00  0.0000E+00  0.0000E+00  0.0000E+00  0.0000E+00
  1.3000E+01  5.0000E-01  7.7000E-01  1.1212E+00  6.4483E-01  6.8652E-01  4.0338E-01
  1.3000E+01  1.0000E+00  6.2000E-01  1.7146E+00  1.0062E+00 -2.1984E+00 -1.9322E+00
  1.3000E+01  2.0000E+00  1.4400E+00  2.1693E+00  1.3097E+00  2.2390E-02 -5.0154E-02
  1.3000E+01  4.0000E+00  1.0700E+00  2.2230E+00  1.3784E+00 -1.6223E+00 -1.3408E+00
  1.3000E+01  8.0000E+00  1.5200E+00  1.9655E+00  1.2427E+00  6.2942E-01  2.9674E-01
  1.3000E+01  1.2000E+01  1.0700E+00  1.7226E+00  1.1058E+00 -5.9359E-01 -3.9434E-01
  1.3000E+01  2.4000E+01  7.5000E-01  1.1593E+00  7.7864E-01 -5.2185E-01 -3.5846E-01
  1.4000E+01  0.0000E+00  0.0000E+00  0.0000E+00  0.0000E+00  0.0000E+00  0.0000E+00
  1.4000E+01  5.0000E-01  1.3000E+00  1.1212E+00  1.1751E+00  6.2654E-01  6.3310E-01
  1.4000E+01  1.0000E+00  1.9400E+00  1.7146E+00  1.7734E+00  5.6604E-01  6.6404E-01
  1.4000E+01  2.0000E+00  1.3400E+00  2.1693E+00  2.2102E+00 -1.9558E+00 -2.7131E+00
  1.4000E+01  4.0000E+00  2.2200E+00  2.2230E+00  2.2575E+00 -5.7236E-02  7.5270E-02
  1.4000E+01  8.0000E+00  2.1200E+00  1.9655E+00  2.0360E+00  2.7256E-01  2.9674E-01
  1.4000E+01  1.2000E+01  2.0800E+00  1.7226E+00  1.8248E+00  8.0666E-01  8.4162E-01
  1.4000E+01  2.4000E+01  1.4900E+00  1.1593E+00  1.3138E+00  8.3902E-01  9.2814E-01
  1.5000E+01  0.0000E+00  0.0000E+00  0.0000E+00  0.0000E+00  0.0000E+00  0.0000E+00
  1.5000E+01  5.0000E-01  1.2100E+00  1.1212E+00  1.2081E+00 -5.5494E-02 -1.3409E-01
  1.5000E+01  1.0000E+00  1.4100E+00  1.7146E+00  1.9220E+00 -1.3510E+00 -1.7132E+00
  1.5000E+01  2.0000E+00  3.4000E+00  2.1693E+00  2.5686E+00  1.8014E+00  1.7132E+00
  1.5000E+01  4.0000E+00  1.9900E+00  2.2230E+00  2.7557E+00 -1.1278E+00 -1.6134E+00
  1.5000E+01  8.0000E+00  2.9200E+00  1.9655E+00  2.4707E+00  1.2419E+00  1.2628E+00
  1.5000E+01  1.2000E+01  2.2400E+00  1.7226E+00  2.1707E+00  4.4791E-01  6.2293E-01
  1.5000E+01  2.4000E+01  1.5700E+00  1.1593E+00  1.4701E+00  5.2417E-01  7.1707E-01
  1.6000E+01  0.0000E+00  0.0000E+00  0.0000E+00  0.0000E+00  0.0000E+00  0.0000E+00
  1.6000E+01  5.0000E-01  8.7000E-01  1.1212E+00  1.0506E+00 -9.9984E-01 -1.0083E+00
  1.6000E+01  1.0000E+00  2.0100E+00  1.7146E+00  1.6254E+00  1.0241E+00  9.6742E-01
  1.6000E+01  2.0000E+00  2.0000E+00  2.1693E+00  2.0911E+00 -3.4964E-01 -1.1724E-01
  1.6000E+01  4.0000E+00  2.1300E+00  2.2230E+00  2.1791E+00 -1.9096E-01 -1.0043E-01
  1.6000E+01  8.0000E+00  2.2800E+00  1.9655E+00  1.9568E+00  8.0771E-01  7.3885E-01
  1.6000E+01  1.2000E+01  1.3200E+00  1.7226E+00  1.7380E+00 -1.2071E+00 -1.2816E+00
  1.6000E+01  2.4000E+01  1.4100E+00  1.1593E+00  1.2172E+00  8.7329E-01  1.0508E+00
  1.7000E+01  0.0000E+00  0.0000E+00  0.0000E+00  0.0000E+00  0.0000E+00  0.0000E+00
  1.7000E+01  5.0000E-01  1.5200E+00  1.1212E+00  1.7820E+00 -6.8222E-01 -1.1750E+00
  1.7000E+01  1.0000E+00  3.4600E+00  1.7146E+00  2.8186E+00  1.4274E+00  2.0537E+00
  1.7000E+01  2.0000E+00  3.1400E+00  2.1693E+00  3.7324E+00 -2.7870E-01 -4.9585E-01
  1.7000E+01  4.0000E+00  3.7900E+00  2.2230E+00  3.9567E+00  5.0743E-01  5.6315E-01
  1.7000E+01  8.0000E+00  3.3800E+00  1.9655E+00  3.4951E+00  5.3581E-01  6.0276E-01
  1.7000E+01  1.2000E+01  4.4000E+00  1.7226E+00  3.0302E+00  2.9492E+00  2.9352E+00
  1.7000E+01  2.4000E+01  1.6700E+00  1.1593E+00  1.9725E+00 -3.2216E-01 -5.7297E-01
  1.8000E+01  0.0000E+00  0.0000E+00  0.0000E+00  0.0000E+00  0.0000E+00  0.0000E+00
  1.8000E+01  5.0000E-01  1.6200E+00  1.1212E+00  2.0998E+00 -9.7006E-01 -2.1280E+00
  1.8000E+01  1.0000E+00  3.6700E+00  1.7146E+00  3.2428E+00  1.0731E+00  1.2090E+00
  1.8000E+01  2.0000E+00  5.2600E+00  2.1693E+00  4.1370E+00  2.0027E+00  2.2164E+00
  1.8000E+01  4.0000E+00  4.2400E+00  2.2230E+00  4.1886E+00  7.0739E-01  8.4162E-01
  1.8000E+01  8.0000E+00  3.9000E+00  1.9655E+00  3.5012E+00  1.0116E+00  1.4279E+00
  1.8000E+01  1.2000E+01  3.0200E+00  1.7226E+00  2.8890E+00  4.4524E-01  6.6404E-01
  1.8000E+01  2.4000E+01  1.5200E+00  1.1593E+00  1.6224E+00 -5.4136E-01 -7.8350E-01
  1.9000E+01  0.0000E+00  0.0000E+00  0.0000E+00  0.0000E+00  0.0000E+00  0.0000E+00
  1.9000E+01  5.0000E-01  2.1800E+00  1.1212E+00  2.3237E+00  2.1383E-01  1.0043E-01
  1.9000E+01  1.0000E+00  4.0500E+00  1.7146E+00  3.3834E+00  1.7331E+00  2.3263E+00
  1.9000E+01  2.0000E+00  4.7200E+00  2.1693E+00  3.9794E+00  1.6938E+00  2.0537E+00
  1.9000E+01  4.0000E+00  2.8200E+00  2.2230E+00  3.7322E+00 -7.4116E-01 -1.5834E+00
  1.9000E+01  8.0000E+00  3.6700E+00  1.9655E+00  2.9128E+00  1.3933E+00  1.5548E+00
  1.9000E+01  1.2000E+01  2.2000E+00  1.7226E+00  2.2641E+00 -4.3341E-01 -5.3401E-01
  1.9000E+01  2.4000E+01  8.6000E-01  1.1593E+00  1.0632E+00 -1.7419E+00 -2.2164E+00
  2.0000E+01  0.0000E+00  0.0000E+00  0.0000E+00  0.0000E+00  0.0000E+00  0.0000E+00
  2.0000E+01  5.0000E-01  9.6000E-01  1.1212E+00  1.0138E+00 -7.2810E-01 -1.1264E+00
  2.0000E+01  1.0000E+00  1.8200E+00  1.7146E+00  1.7379E+00 -2.3621E-01 -3.9434E-01
  2.0000E+01  2.0000E+00  2.0700E+00  2.1693E+00  2.6118E+00 -1.2865E+00 -1.6781E+00
  2.0000E+01  4.0000E+00  2.8100E+00  2.2230E+00  3.2057E+00 -3.6606E-01 -2.7064E-01
  2.0000E+01  8.0000E+00  3.9900E+00  1.9655E+00  3.1255E+00  2.0625E+00  2.4747E+00
  2.0000E+01  1.2000E+01  3.2600E+00  1.7226E+00  2.8207E+00  1.5052E+00  1.7908E+00
  2.0000E+01  2.4000E+01  2.3700E+00  1.1593E+00  2.0313E+00  1.5517E+00  1.7132E+00
  2.1000E+01  0.0000E+00  0.0000E+00  0.0000E+00  0.0000E+00  0.0000E+00  0.0000E+00
  2.1000E+01  5.0000E-01  4.9000E-01  1.1212E+00  5.6777E-01 -1.1477E+00 -7.9491E-01
  2.1000E+01  1.0000E+00  1.0200E+00  1.7146E+00  9.1829E-01 -1.6174E-01 -2.7064E-01
  2.1000E+01  2.0000E+00  1.2300E+00  2.1693E+00  1.2609E+00 -8.1004E-01 -5.5338E-01
  2.1000E+01  4.0000E+00  1.1600E+00  2.2230E+00  1.4037E+00 -1.4169E+00 -1.1108E+00
  2.1000E+01  8.0000E+00  1.3500E+00  1.9655E+00  1.3210E+00 -2.8527E-01 -1.8487E-01
  2.1000E+01  1.2000E+01  1.0600E+00  1.7226E+00  1.2120E+00 -9.0598E-01 -6.3310E-01
  2.1000E+01  2.4000E+01  1.2300E+00  1.1593E+00  9.3412E-01  1.4936E+00  1.0954E+00
  2.2000E+01  0.0000E+00  0.0000E+00  0.0000E+00  0.0000E+00  0.0000E+00  0.0000E+00
  2.2000E+01  5.0000E-01  1.3600E+00  1.1212E+00  1.3086E+00  4.5681E-01  6.2293E-01
  2.2000E+01  1.0000E+00  2.2700E+00  1.7146E+00  1.8197E+00  1.3693E+00  1.2445E+00
  2.2000E+01  2.0000E+00  2.1700E+00  2.1693E+00  2.0385E+00  1.7541E-01  3.1425E-01
  2.2000E+01  4.0000E+00  1.7600E+00  2.2230E+00  1.8837E+00 -7.1459E-01 -5.5338E-01
  2.2000E+01  8.0000E+00  1.1700E+00  1.9655E+00  1.5052E+00 -1.7342E+00 -1.3408E+00
  2.2000E+01  1.2000E+01  1.2700E+00  1.7226E+00  1.2014E+00 -5.0235E-01 -3.2304E-01
  2.2000E+01  2.4000E+01  4.9000E-01  1.1593E+00  6.1091E-01 -1.8138E+00 -1.6134E+00
  2.3000E+01  0.0000E+00  0.0000E+00  0.0000E+00  0.0000E+00  0.0000E+00  0.0000E+00
  2.3000E+01  5.0000E-01  1.0500E+00  1.1212E+00  1.1973E+00 -4.1431E-01 -4.6770E-01
  2.3000E+01  1.0000E+00  2.3300E+00  1.7146E+00  1.7022E+00  1.9078E+00  1.6449E+00
  2.3000E+01  2.0000E+00  2.0700E+00  2.1693E+00  1.9716E+00  9.2387E-02  2.1898E-01
  2.3000E+01  4.0000E+00  1.7100E+00  2.2230E+00  1.9108E+00 -7.9342E-01 -6.4335E-01
  2.3000E+01  8.0000E+00  1.4400E+00  1.9655E+00  1.6622E+00 -9.4022E-01 -7.9491E-01
  2.3000E+01  1.2000E+01  1.1600E+00  1.7226E+00  1.4437E+00 -1.2447E+00 -1.2445E+00
  2.3000E+01  2.4000E+01  1.0500E+00  1.1593E+00  9.4594E-01  2.8588E-01  3.2304E-01
  2.4000E+01  0.0000E+00  0.0000E+00  0.0000E+00  0.0000E+00  0.0000E+00  0.0000E+00
  2.4000E+01  5.0000E-01  6.7000E-01  1.1212E+00  7.6898E-01 -1.0387E+00 -9.5417E-01
  2.4000E+01  1.0000E+00  1.3400E+00  1.7146E+00  1.2331E+00 -5.2508E-02  2.5069E-02
  2.4000E+01  2.0000E+00  1.8000E+00  2.1693E+00  1.6698E+00 -5.2678E-03  1.0884E-01
  2.4000E+01  4.0000E+00  1.4200E+00  2.2230E+00  1.8252E+00 -1.3614E+00 -1.2090E+00
  2.4000E+01  8.0000E+00  2.0500E+00  1.9655E+00  1.6803E+00  9.8485E-01  7.4987E-01
  2.4000E+01  1.2000E+01  1.2400E+00  1.7226E+00  1.5126E+00 -9.6484E-01 -8.0642E-01
  2.4000E+01  2.4000E+01  1.3000E+00  1.1593E+00  1.1016E+00  9.5664E-01  9.1537E-01
  2.5000E+01  0.0000E+00  0.0000E+00  0.0000E+00  0.0000E+00  0.0000E+00  0.0000E+00
  2.5000E+01  5.0000E-01  1.2900E+00  1.1212E+00  1.0283E+00  1.4197E+00  1.2265E+00
  2.5000E+01  1.0000E+00  1.3300E+00  1.7146E+00  1.4401E+00 -4.1900E-01 -2.9674E-01
  2.5000E+01  2.0000E+00  1.5900E+00  2.1693E+00  1.6407E+00 -4.8137E-01 -2.2754E-01
  2.5000E+01  4.0000E+00  1.1600E+00  2.2230E+00  1.5750E+00 -1.7782E+00 -1.4051E+00
  2.5000E+01  8.0000E+00  1.5500E+00  1.9655E+00  1.3615E+00  2.0712E-01  1.2566E-01
  2.5000E+01  1.2000E+01  1.2700E+00  1.7226E+00  1.1756E+00 -1.0133E-01 -1.2566E-01
  2.5000E+01  2.4000E+01  6.2000E-01  1.1593E+00  7.5689E-01 -1.3424E+00 -1.0364E+00
  2.6000E+01  0.0000E+00  0.0000E+00  0.0000E+00  0.0000E+00  0.0000E+00  0.0000E+00
  2.6000E+01  5.0000E-01  1.9100E+00  1.1212E+00  1.5356E+00  1.6754E+00  1.5548E+00
  2.6000E+01  1.0000E+00  1.8000E+00  1.7146E+00  2.1945E+00 -5.2420E-01 -5.9277E-01
  2.6000E+01  2.0000E+00  2.7100E+00  2.1693E+00  2.5619E+00  5.2396E-01  6.5366E-01
  2.6000E+01  4.0000E+00  1.7900E+00  2.2230E+00  2.5109E+00 -1.3193E+00 -1.6449E+00
  2.6000E+01  8.0000E+00  1.9100E+00  1.9655E+00  2.2279E+00 -5.6959E-01 -4.9585E-01
  2.6000E+01  1.2000E+01  2.6100E+00  1.7226E+00  1.9735E+00  1.8070E+00  1.5274E+00
  2.6000E+01  2.4000E+01  1.4100E+00  1.1593E+00  1.3716E+00  3.3334E-01  3.5846E-01
  2.7000E+01  0.0000E+00  0.0000E+00  0.0000E+00  0.0000E+00  0.0000E+00  0.0000E+00
  2.7000E+01  5.0000E-01  1.3300E+00  1.1212E+00  1.3207E+00 -2.0965E-01 -3.7634E-01
  2.7000E+01  1.0000E+00  2.1200E+00  1.7146E+00  2.1739E+00 -2.6643E-01 -2.7932E-01
  2.7000E+01  2.0000E+00  2.3900E+00  2.1693E+00  3.0573E+00 -9.8419E-01 -1.3408E+00
  2.7000E+01  4.0000E+00  4.3100E+00  2.2230E+00  3.4513E+00  1.7375E+00  1.8808E+00
  2.7000E+01  8.0000E+00  3.8300E+00  1.9655E+00  3.1543E+00  1.6723E+00  2.2164E+00
  2.7000E+01  1.2000E+01  2.5700E+00  1.7226E+00  2.7708E+00  1.7144E-01  5.0154E-02
  2.7000E+01  2.4000E+01  2.0800E+00  1.1593E+00  1.8686E+00  9.8710E-01  1.3008E+00
  2.8000E+01  0.0000E+00  0.0000E+00  0.0000E+00  0.0000E+00  0.0000E+00  0.0000E+00
  2.8000E+01  5.0000E-01  1.2000E+00  1.1212E+00  1.0474E+00  6.0640E-01  5.2440E-01
  2.8000E+01  1.0000E+00  1.4700E+00  1.7146E+00  1.6190E+00 -5.7968E-01 -5.5338E-01
  2.8000E+01  2.0000E+00  1.7800E+00  2.1693E+00  2.0790E+00 -8.5033E-01 -8.4162E-01
  2.8000E+01  4.0000E+00  2.4400E+00  2.2230E+00  2.1580E+00  5.5203E-01  7.1707E-01
  2.8000E+01  8.0000E+00  2.1600E+00  1.9655E+00  1.9226E+00  5.2262E-01  5.6315E-01
  2.8000E+01  1.2000E+01  1.6400E+00  1.7226E+00  1.6941E+00 -2.5675E-01 -1.4252E-01
  2.8000E+01  2.4000E+01  1.2200E+00  1.1593E+00  1.1585E+00  1.7733E-01  2.7932E-01
  2.9000E+01  0.0000E+00  0.0000E+00  0.0000E+00  0.0000E+00  0.0000E+00  0.0000E+00
  2.9000E+01  5.0000E-01  4.0000E-01  1.1212E+00  6.4525E-01 -2.3504E+00 -2.1280E+00
  2.9000E+01  1.0000E+00  1.0700E+00  1.7146E+00  1.0988E+00 -9.3188E-01 -9.4107E-01
  2.9000E+01  2.0000E+00  1.8500E+00  2.1693E+00  1.6310E+00 -2.5378E-02  8.3555E-03
  2.9000E+01  4.0000E+00  1.9900E+00  2.2230E+00  1.9588E+00 -2.5261E-01  1.2566E-01
  2.9000E+01  8.0000E+00  2.2400E+00  1.9655E+00  1.8420E+00  1.0309E+00  1.0508E+00
  2.9000E+01  1.2000E+01  1.8500E+00  1.7226E+00  1.6087E+00  6.9510E-01  7.9491E-01
  2.9000E+01  2.4000E+01  8.4000E-01  1.1593E+00  1.0516E+00 -1.1393E+00 -1.1585E+00
  3.0000E+01  0.0000E+00  0.0000E+00  0.0000E+00  0.0000E+00  0.0000E+00  0.0000E+00
  3.0000E+01  5.0000E-01  1.3100E+00  1.1212E+00  1.2084E+00  3.0479E-01  2.7064E-01
  3.0000E+01  1.0000E+00  1.3800E+00  1.7146E+00  1.9319E+00 -1.5039E+00 -1.9322E+00
  3.0000E+01  2.0000E+00  2.9100E+00  2.1693E+00  2.5995E+00  6.9933E-01  8.6568E-01
  3.0000E+01  4.0000E+00  3.1500E+00  2.2230E+00  2.8026E+00  8.7120E-01  1.0222E+00
  3.0000E+01  8.0000E+00  3.0500E+00  1.9655E+00  2.5062E+00  1.3694E+00  1.5834E+00
  3.0000E+01  1.2000E+01  1.7200E+00  1.7226E+00  2.1907E+00 -8.5605E-01 -1.1264E+00
  3.0000E+01  2.4000E+01  1.6000E+00  1.1593E+00  1.4608E+00  6.4188E-01  6.7449E-01
